1 inf
2 0
3 0
4 0
5 inf
6 inf
7 0
8 0
9 0
10 inf
11 0
12 0
13 0
14 inf
15 0
16 0
17 0
18 inf
19 inf
20 inf
21 inf
22 inf
23 inf
24 inf
25 inf
26 inf
27 0
28 inf
29 inf
30 0
31 inf
32 inf
33 inf
34 inf
35 0
36 0
37 0
38 0
39 inf
40 0
41 inf
42 inf
43 inf
44 inf
45 0
46 0
47 0
48 0
49 inf
50 inf
51 inf
52 0
53 0
54 inf
55 inf
56 0
57 0
58 inf
59 0
60 0
61 inf
62 inf
63 inf
64 inf
65 inf
66 inf
67 0
68 inf
69 0
70 0
71 inf
72 0
73 0
74 0
75 0
76 inf
77 0
78 inf
79 0
80 0
81 0
82 0
83 0
84 inf
85 inf
86 0
87 inf
88 0
89 inf
90 0
91 0
92 inf
93 0
94 0
95 0
96 0
97 inf
98 0
99 0
100 inf
101 0
102 inf
103 0
104 inf
105 0
106 0
107 inf
108 inf
109 0
110 0
111 inf
112 0
113 inf
114 0
115 0
116 inf
117 inf
118 0
119 inf
120 0
121 0
122 inf
123 inf
124 0
125 0
126 inf
127 0
128 0
129 inf
130 0
131 inf
132 inf
133 inf
134 0
135 0
136 0
137 inf
138 inf
139 0
140 inf
141 inf
142 0
143 0
144 inf
145 0
146 inf
147 inf
148 inf
149 inf
150 0
151 inf
152 inf
153 inf
154 0
155 inf
156 inf
157 0
158 0
159 0
160 0
161 0
162 inf
163 0
164 inf
165 inf
166 0
167 inf
168 inf
169 0
170 inf
171 0
172 0
173 0
174 0
175 inf
176 inf
177 0
178 inf
179 0
180 inf
181 inf
182 inf
183 0
184 inf
185 inf
186 0
187 inf
188 inf
189 inf
190 0
191 0
192 inf
193 0
194 0
195 inf
196 inf
197 0
198 inf
199 inf
200 inf
201 0
202 inf
203 0
204 0
205 0
206 0
207 0
208 0
209 0
210 0
211 inf
212 inf
213 0
214 inf
215 0
216 0
217 inf
218 inf
219 0
220 0
221 0
222 0
223 inf
224 inf
225 0
226 0
227 0
228 0
229 0
230 0
231 0
232 inf
233 0
234 0
235 inf
236 inf
237 0
238 inf
239 0
240 0
241 0
242 inf
243 0
244 inf
245 0
246 inf
247 inf
248 inf
249 inf
250 inf
251 0
252 0
253 0
254 0
255 0
256 0
257 0
258 inf
259 0
260 inf
261 0
262 0
263 0
264 0
265 0
266 inf
267 0
268 inf
269 0
270 inf
271 inf
272 0
273 inf
274 0
275 inf
276 inf
277 inf
278 inf
279 0
280 0
281 inf
282 0
283 inf
284 0
285 0
286 inf
287 0
288 inf
289 0
290 0
291 0
292 0
293 0
294 0
295 inf
296 0
297 0
298 inf
299 0
300 inf
301 inf
302 0
303 inf
304 inf
305 0
306 inf
307 0
308 inf
309 inf
310 inf
311 0
312 inf
313 inf
314 inf
315 0
316 inf
317 inf
318 inf
319 inf
320 0
321 inf
322 inf
323 inf
324 0
325 0
326 0
327 inf
328 inf
329 0
330 inf
331 0
332 inf
333 inf
334 0
335 inf
336 inf
337 inf
338 inf
339 0
340 inf
341 0
342 inf
343 0
344 0
345 0
346 inf
347 0
348 0
349 0
350 0
351 inf
352 inf
353 inf
354 inf
355 inf
356 inf
357 0
358 0
359 inf
360 0
361 inf
362 inf
363 inf
364 inf
365 inf
366 0
367 0
368 inf
369 inf
370 inf
371 0
372 inf
373 0
374 0
375 inf
376 0
377 inf
378 inf
379 inf
380 inf
381 0
382 inf
383 inf
384 inf
385 inf
386 inf
387 inf
388 0
389 inf
390 0
391 inf
392 inf
393 0
394 inf
395 0
396 0
397 0
398 inf
399 0
400 inf
401 0
402 0
403 inf
404 inf
405 0
406 0
407 0
408 inf
409 inf
410 0
411 0
412 0
413 0
414 inf
415 0
416 inf
417 0
418 0
419 0
420 0
421 inf
422 0
423 inf
424 0
425 inf
426 0
427 0
428 0
429 0
430 inf
431 0
432 0
433 inf
434 inf
435 inf
436 0
437 0
438 inf
439 inf
440 inf
441 0
442 inf
443 0
444 0
445 inf
446 inf
447 0
448 0
449 0
450 0
451 0
452 inf
453 0
454 inf
455 inf
456 inf
457 inf
458 0
459 0
460 0
461 0
462 inf
463 0
464 inf
465 inf
466 inf
467 inf
468 inf
469 0
470 0
471 0
472 0
473 inf
474 inf
475 0
476 0
477 0
478 inf
479 0
480 inf
481 0
482 0
483 inf
484 inf
485 inf
486 inf
487 inf
488 0
489 0
490 0
491 0
492 inf
493 0
494 inf
495 inf
496 inf
497 inf
498 0
499 inf
500 inf
501 0
502 inf
503 inf
504 inf
505 inf
506 inf
507 0
508 0
509 inf
510 0
511 0
512 0
513 0
514 0
515 inf
516 inf
517 inf
518 inf
519 0
520 inf
521 0
522 inf
523 inf
524 inf
525 0
526 0
527 0
528 inf
529 0
530 0
531 0
532 inf
533 0
534 0
535 inf
536 0
537 inf
538 0
539 0
540 inf
541 0
542 0
543 inf
544 inf
545 0
546 0
547 0
548 inf
549 inf
550 0
551 0
552 inf
553 inf
554 0
555 0
556 inf
557 0
558 inf
559 0
560 inf
561 0
562 inf
563 0
564 inf
565 0
566 0
567 0
568 inf
569 inf
570 inf
571 inf
572 inf
573 0
574 inf
575 inf
576 inf
577 inf
578 inf
579 0
580 inf
581 0
582 0
583 0
584 0
585 inf
586 inf
587 0
588 inf
589 inf
590 0
591 inf
592 inf
593 0
594 inf
595 inf
596 0
597 inf
598 inf
599 0
600 0
601 inf
602 0
603 0
604 inf
605 0
606 inf
607 inf
608 0
609 0
610 inf
611 inf
612 inf
613 inf
614 0
615 inf
616 0
617 inf
618 0
619 0
620 0
621 inf
622 0
623 inf
624 0
625 0
626 inf
627 0
628 inf
629 inf
630 inf
631 inf
632 0
633 0
634 0
635 0
636 inf
637 0
638 0
639 0
640 0
641 inf
642 inf
643 inf
644 inf
645 0
646 inf
647 0
648 0
649 inf
650 0
651 inf
652 inf
653 inf
654 inf
655 0
656 0
657 0
658 0
659 inf
660 0
661 inf
662 0
663 inf
664 0
665 inf
666 inf
667 0
668 inf
669 0
670 0
671 inf
672 inf
673 0
674 0
675 inf
676 0
677 0
678 inf
679 0
680 0
681 0
682 inf
683 0
684 inf
685 inf
686 0
687 0
688 inf
689 0
690 0
691 inf
692 inf
693 0
694 inf
695 0
696 inf
697 0
698 0
699 inf
700 0
701 0
702 0
703 inf
704 inf
705 inf
706 0
707 0
708 inf
709 inf
710 0
711 0
712 0
713 inf
714 0
715 inf
716 inf
717 0
718 0
719 inf
720 0
721 inf
722 inf
723 0
724 inf
725 0
726 0
727 inf
728 inf
729 0
730 inf
731 inf
732 inf
733 0
734 inf
735 inf
736 inf
737 inf
738 0
739 inf
740 0
741 inf
742 0
743 0
744 inf
745 0
746 inf
747 0
748 0
749 0
750 inf
751 0
752 inf
753 0
754 inf
755 0
756 0
757 inf
758 0
759 inf
760 inf
761 inf
762 inf
763 0
764 inf
765 0
766 inf
767 0
768 0
769 inf
770 inf
771 0
772 0
773 0
774 0
775 inf
776 inf
777 inf
778 0
779 0
780 inf
781 0
782 inf
783 inf
784 inf
785 inf
786 inf
787 inf
788 0
789 0
790 0
791 0
792 0
793 0
794 inf
795 0
796 0
797 inf
798 0
799 inf
800 inf
801 inf
802 0
803 inf
804 0
805 inf
806 0
807 0
808 inf
809 inf
810 inf
811 0
812 0
813 0
814 0
815 0
816 0
817 0
818 inf
819 0
820 inf
821 inf
822 inf
823 inf
824 0
825 inf
826 inf
827 0
828 0
829 inf
830 inf
831 0
832 0
833 0
834 inf
835 inf
836 inf
837 0
838 inf
839 inf
840 inf
841 0
842 inf
843 inf
844 inf
845 0
846 0
847 0
848 0
849 0
850 inf
851 0
852 inf
853 inf
854 inf
855 0
856 0
857 inf
858 inf
859 inf
860 0
861 0
862 inf
863 inf
864 inf
865 0
866 inf
867 0
868 0
869 inf
870 0
871 inf
872 inf
873 inf
874 inf
875 inf
876 inf
877 0
878 inf
879 inf
880 inf
881 inf
882 inf
883 0
884 0
885 0
886 inf
887 0
888 0
889 inf
890 0
891 0
892 0
893 0
894 inf
895 inf
896 inf
897 0
898 0
899 inf
900 inf
901 inf
902 inf
903 inf
904 0
905 inf
906 0
907 0
908 0
909 0
910 0
911 inf
912 0
913 inf
914 inf
915 inf
916 0
917 0
918 0
919 0
920 0
921 0
922 0
923 inf
924 0
925 inf
926 inf
927 0
928 inf
929 inf
930 inf
931 inf
932 0
933 0
934 0
935 inf
936 inf
937 inf
938 0
939 inf
940 inf
941 0
942 0
943 0
944 0
945 0
946 inf
947 inf
948 0
949 0
950 inf
951 inf
952 inf
953 0
954 inf
955 0
956 0
957 inf
958 inf
959 inf
960 0
961 inf
962 0
963 inf
964 0
965 0
966 0
967 inf
968 inf
969 inf
970 inf
971 0
972 0
973 inf
974 inf
975 inf
976 inf
977 inf
978 inf
979 inf
980 0
981 inf
982 inf
983 0
984 inf
985 0
986 inf
987 0
988 0
989 0
990 inf
991 0
992 inf
993 inf
994 0
995 inf
996 inf
997 0
998 inf
999 inf
1000 0
1001 0
1002 inf
1003 0
1004 inf
1005 0
1006 inf
1007 0
1008 0
1009 0
1010 inf
1011 0
1012 inf
1013 inf
1014 inf
1015 0
1016 0
1017 inf
1018 0
1019 0
1020 0
1021 inf
1022 inf
1023 0
1024 inf
1025 inf
1026 inf
1027 inf
1028 inf
1029 inf
1030 inf
1031 0
1032 0
1033 0
1034 0
1035 0
1036 inf
1037 inf
1038 0
1039 inf
1040 0
1041 inf
1042 0
1043 inf
1044 0
1045 inf
1046 0
1047 0
1048 0
1049 inf
1050 0
1051 0
1052 inf
1053 0
1054 inf
1055 0
1056 0
1057 inf
1058 inf
1059 0
1060 0
1061 0
1062 0
1063 0
1064 0
1065 0
1066 0
1067 0
1068 0
1069 0
1070 inf
1071 inf
1072 inf
1073 inf
1074 inf
1075 inf
1076 0
1077 0
1078 inf
1079 inf
1080 inf
1081 inf
1082 0
1083 0
1084 0
1085 inf
1086 inf
1087 inf
1088 0
1089 inf
1090 inf
1091 0
1092 inf
1093 inf
1094 0
1095 0
1096 inf
1097 0
1098 0
1099 inf
1100 inf
1101 inf
1102 0
1103 0
1104 0
1105 inf
1106 0
1107 inf
1108 inf
1109 inf
1110 inf
1111 0
1112 inf
1113 0
1114 0
1115 0
1116 inf
1117 0
1118 inf
1119 0
1120 inf
1121 0
1122 inf
1123 inf
1124 0
1125 0
1126 0
1127 inf
1128 inf
1129 inf
1130 inf
1131 0
1132 inf
1133 inf
1134 inf
1135 0
1136 0
1137 inf
1138 0
1139 0
1140 0
1141 inf
1142 inf
1143 inf
1144 0
1145 inf
1146 inf
1147 inf
1148 0
1149 0
1150 inf
1151 inf
1152 inf
1153 0
1154 0
1155 inf
1156 0
1157 0
1158 0
1159 0
1160 inf
1161 inf
1162 0
1163 inf
1164 0
1165 0
1166 inf
1167 0
1168 inf
1169 inf
1170 0
1171 inf
1172 inf
1173 inf
1174 0
1175 inf
1176 0
1177 0
1178 0
1179 0
1180 0
1181 0
1182 0
1183 inf
1184 0
1185 0
1186 inf
1187 inf
1188 0
1189 0
1190 inf
1191 0
1192 inf
1193 0
1194 0
1195 0
1196 inf
1197 inf
1198 inf
1199 inf
1200 inf
1201 inf
1202 0
1203 inf
1204 inf
1205 inf
1206 inf
1207 inf
1208 inf
1209 0
1210 inf
1211 inf
1212 0
1213 0
1214 0
1215 inf
1216 inf
1217 0
1218 0
1219 0
1220 inf
1221 0
1222 inf
1223 0
1224 0
1225 0
1226 0
1227 inf
1228 inf
1229 inf
1230 inf
1231 0
1232 0
1233 0
1234 inf
1235 inf
1236 inf
1237 inf
1238 inf
1239 0
1240 0
1241 inf
1242 inf
1243 inf
1244 inf
1245 inf
1246 0
1247 0
1248 0
1249 inf
1250 0
1251 0
1252 inf
1253 inf
1254 0
1255 0
1256 0
1257 inf
1258 inf
1259 inf
1260 inf
1261 inf
1262 inf
1263 0
1264 inf
1265 0
1266 inf
1267 inf
1268 0
1269 inf
1270 0
1271 inf
1272 0
1273 inf
1274 0
1275 inf
1276 0
1277 inf
1278 0
1279 0
1280 0
1281 inf
1282 inf
1283 0
1284 0
1285 0
1286 0
1287 inf
1288 0
1289 0
1290 inf
1291 0
1292 0
1293 0
1294 0
1295 0
1296 0
1297 0
1298 inf
1299 inf
1300 0
1301 inf
1302 0
1303 0
1304 inf
1305 inf
1306 inf
1307 0
1308 0
1309 inf
1310 0
1311 0
1312 0
1313 inf
1314 0
1315 0
1316 0
1317 0
1318 0
1319 0
1320 0
1321 0
1322 0
1323 0
1324 inf
1325 0
1326 inf
1327 0
1328 inf
1329 inf
1330 0
1331 inf
1332 0
1333 inf
1334 inf
1335 inf
1336 0
1337 0
1338 0
1339 inf
1340 inf
1341 inf
1342 inf
1343 inf
1344 0
1345 inf
1346 inf
1347 inf
1348 inf
1349 inf
1350 0
1351 inf
1352 inf
1353 inf
1354 inf
1355 0
1356 0
1357 0
1358 inf
1359 0
1360 inf
1361 inf
1362 0
1363 inf
1364 0
1365 inf
1366 0
1367 0
1368 0
1369 inf
1370 0
1371 0
1372 inf
1373 inf
1374 inf
1375 0
1376 0
1377 0
1378 inf
1379 0
1380 0
1381 0
1382 0
1383 0
1384 inf
1385 inf
1386 0
1387 0
1388 inf
1389 inf
1390 inf
1391 inf
1392 0
1393 inf
1394 0
1395 inf
1396 0
1397 0
1398 inf
1399 inf
1400 0
1401 inf
1402 0
1403 inf
1404 0
1405 0
1406 inf
1407 inf
1408 0
1409 0
1410 inf
1411 inf
1412 0
1413 inf
1414 inf
1415 0
1416 0
1417 inf
1418 inf
1419 inf
1420 0
1421 0
1422 inf
1423 0
1424 inf
1425 inf
1426 0
1427 inf
1428 inf
1429 0
1430 inf
1431 inf
1432 inf
1433 0
1434 inf
1435 0
1436 0
1437 inf
1438 0
1439 inf
1440 0
1441 inf
1442 inf
1443 0
1444 0
1445 inf
1446 0
1447 inf
1448 0
1449 0
1450 0
1451 inf
1452 inf
1453 inf
1454 inf
1455 inf
1456 0
1457 0
1458 inf
1459 inf
1460 0
1461 0
1462 inf
1463 inf
1464 0
1465 0
1466 0
1467 0
1468 inf
1469 inf
1470 0
1471 0
1472 0
1473 0
1474 inf
1475 0
1476 inf
1477 inf
1478 0
1479 0
1480 0
1481 inf
1482 inf
1483 inf
1484 inf
1485 inf
1486 0
1487 0
1488 0
1489 0
1490 0
1491 inf
1492 inf
1493 0
1494 inf
1495 inf
1496 inf
1497 inf
1498 inf
1499 inf
1500 0
1501 0
1502 0
1503 0
1504 0
1505 0
1506 inf
1507 inf
1508 inf
1509 0
1510 inf
1511 0
1512 inf
1513 0
1514 0
1515 inf
1516 inf
1517 0
1518 inf
1519 0
1520 inf
1521 0
1522 inf
1523 0
1524 0
1525 0
1526 inf
1527 inf
1528 0
1529 inf
1530 0
1531 inf
1532 0
1533 inf
1534 0
1535 0
1536 0
1537 inf
1538 inf
1539 0
1540 inf
1541 0
1542 0
1543 0
1544 0
1545 0
1546 inf
1547 inf
1548 0
1549 0
1550 0
1551 inf
1552 0
1553 inf
1554 0
1555 0
1556 inf
1557 0
1558 0
1559 inf
1560 inf
1561 inf
1562 inf
1563 0
1564 inf
1565 0
1566 inf
1567 0
1568 0
1569 0
1570 inf
1571 0
1572 inf
1573 inf
1574 0
1575 inf
1576 inf
1577 inf
1578 0
1579 0
1580 0
1581 inf
1582 0
1583 0
1584 inf
1585 0
1586 inf
1587 0
1588 inf
1589 0
1590 inf
1591 0
1592 0
1593 0
1594 0
1595 0
1596 0
1597 0
1598 inf
1599 0
1600 0
1601 0
1602 0
1603 0
1604 0
1605 inf
1606 0
1607 inf
1608 inf
1609 inf
1610 0
1611 0
1612 0
1613 0
1614 0
1615 0
1616 inf
1617 0
1618 inf
1619 inf
1620 0
1621 0
1622 0
1623 0
1624 0
1625 0
1626 inf
1627 0
1628 0
1629 inf
1630 0
1631 0
1632 inf
1633 0
1634 0
1635 0
1636 0
1637 0
1638 inf
1639 0
1640 inf
1641 0
1642 inf
1643 0
1644 0
1645 0
1646 inf
1647 0
1648 0
1649 inf
1650 inf
1651 inf
1652 0
1653 inf
1654 0
1655 inf
1656 inf
1657 0
1658 inf
1659 inf
1660 0
1661 inf
1662 0
1663 0
1664 inf
1665 0
1666 inf
1667 0
1668 inf
1669 inf
1670 inf
1671 0
1672 0
1673 0
1674 inf
1675 inf
1676 0
1677 inf
1678 inf
1679 inf
1680 inf
1681 inf
1682 0
1683 inf
1684 inf
1685 0
1686 0
1687 inf
1688 inf
1689 inf
1690 inf
1691 inf
1692 0
1693 inf
1694 0
1695 0
1696 0
1697 inf
1698 inf
1699 inf
1700 inf
1701 0
1702 inf
1703 0
1704 inf
1705 0
1706 0
1707 inf
1708 0
1709 0
1710 0
1711 inf
1712 0
1713 0
1714 inf
1715 inf
1716 0
1717 inf
1718 inf
1719 0
1720 inf
1721 inf
1722 inf
1723 0
1724 0
1725 0
1726 0
1727 inf
1728 0
1729 inf
1730 0
1731 inf
1732 inf
1733 inf
1734 0
1735 0
1736 inf
1737 inf
1738 inf
1739 inf
1740 0
1741 0
1742 0
1743 inf
1744 inf
1745 0
1746 0
1747 inf
1748 0
1749 inf
1750 inf
1751 inf
1752 0
1753 0
1754 0
1755 inf
1756 0
1757 0
1758 0
1759 0
1760 inf
1761 0
1762 0
1763 0
1764 inf
1765 inf
1766 0
1767 0
1768 0
1769 inf
1770 0
1771 0
1772 0
1773 inf
1774 inf
1775 inf
1776 0
1777 inf
1778 0
1779 0
1780 0
1781 0
1782 inf
1783 0
1784 0
1785 0
1786 inf
1787 inf
1788 0
1789 inf
1790 0
1791 inf
1792 inf
1793 inf
1794 0
1795 0
1796 0
1797 inf
1798 0
1799 inf
1800 0
1801 inf
1802 0
1803 0
1804 inf
1805 inf
1806 0
1807 0
1808 0
1809 inf
1810 0
1811 0
1812 0
1813 inf
1814 inf
1815 inf
1816 0
1817 0
1818 0
1819 0
1820 inf
1821 inf
1822 0
1823 0
1824 inf
1825 0
1826 inf
1827 inf
1828 inf
1829 inf
1830 inf
1831 inf
1832 inf
1833 inf
1834 inf
1835 inf
1836 0
1837 0
1838 inf
1839 0
1840 inf
1841 0
1842 inf
1843 inf
1844 inf
1845 inf
1846 inf
1847 inf
1848 0
1849 inf
1850 0
1851 0
1852 inf
1853 0
1854 inf
1855 0
1856 inf
1857 inf
1858 inf
1859 0
1860 inf
1861 inf
1862 inf
1863 0
1864 0
1865 inf
1866 inf
1867 inf
1868 0
1869 inf
1870 0
1871 0
1872 0
1873 0
1874 inf
1875 inf
1876 0
1877 0
1878 0
1879 inf
1880 0
1881 inf
1882 0
1883 0
1884 inf
1885 0
1886 0
1887 0
1888 inf
1889 inf
1890 0
1891 0
1892 inf
1893 0
1894 0
1895 0
1896 0
1897 inf
1898 0
1899 0
1900 0
1901 0
1902 0
1903 inf
1904 0
1905 0
1906 0
1907 0
1908 0
1909 inf
1910 inf
1911 0
1912 inf
1913 0
1914 inf
1915 0
1916 0
1917 0
1918 inf
1919 0
1920 0
1921 inf
1922 0
1923 0
1924 inf
1925 0
1926 0
1927 inf
1928 inf
1929 inf
1930 inf
1931 inf
1932 0
1933 inf
1934 inf
1935 0
1936 inf
1937 inf
1938 inf
1939 0
1940 0
1941 0
1942 inf
1943 inf
1944 0
1945 inf
1946 0
1947 inf
1948 0
1949 0
1950 inf
1951 0
1952 0
1953 0
1954 inf
1955 0
1956 inf
1957 0
1958 0
1959 0
1960 0
1961 0
1962 0
1963 0
1964 inf
1965 inf
1966 inf
1967 0
1968 inf
1969 inf
1970 0
1971 inf
1972 inf
1973 inf
1974 0
1975 0
1976 inf
1977 inf
1978 inf
1979 inf
1980 0
1981 0
1982 0
1983 inf
1984 0
1985 inf
1986 0
1987 0
1988 inf
1989 inf
1990 0
1991 0
1992 inf
1993 0
1994 0
1995 0
1996 inf
1997 inf
1998 0
1999 0
2000 0
2001 inf
2002 0
2003 inf
2004 inf
2005 0
2006 0
2007 0
2008 inf
2009 inf
2010 0
2011 0
2012 inf
2013 inf
2014 inf
2015 inf
2016 0
2017 0
2018 inf
2019 inf
2020 inf
2021 inf
2022 inf
2023 0
2024 0
2025 inf
2026 0
2027 0
2028 0
2029 inf
2030 0
2031 inf
2032 inf
2033 inf
2034 0
2035 inf
2036 0
2037 0
2038 0
2039 inf
2040 0
2041 0
2042 inf
2043 0
2044 inf
2045 0
2046 inf
2047 inf
2048 0
2049 inf
2050 0
2051 inf
2052 inf
2053 inf
2054 0
2055 0
2056 inf
2057 0
2058 inf
2059 0
2060 inf
2061 0
2062 inf
2063 0
2064 0
2065 0
2066 inf
2067 0
2068 inf
2069 0
2070 inf
2071 0
2072 inf
2073 inf
2074 0
2075 0
2076 inf
2077 inf
2078 inf
2079 0
2080 0
2081 inf
2082 inf
2083 inf
2084 inf
2085 inf
2086 inf
2087 0
2088 inf
2089 0
2090 inf
2091 inf
2092 0
2093 inf
2094 inf
2095 0
2096 inf
2097 0
2098 inf
2099 0
2100 inf
2101 0
2102 0
2103 inf
2104 inf
2105 0
2106 0
2107 0
2108 inf
2109 0
2110 0
2111 inf
2112 inf
2113 0
2114 0
2115 inf
2116 inf
2117 inf
2118 0
2119 0
2120 0
2121 0
2122 inf
2123 0
2124 inf
2125 0
2126 0
2127 inf
2128 0
2129 inf
2130 0
2131 inf
2132 0
2133 inf
2134 0
2135 inf
2136 inf
2137 inf
2138 inf
2139 0
2140 inf
2141 0
2142 inf
2143 inf
2144 0
2145 inf
2146 inf
2147 inf
2148 0
2149 0
2150 inf
2151 inf
2152 0
2153 0
2154 0
2155 inf
2156 0
2157 inf
2158 inf
2159 0
2160 0
2161 inf
2162 inf
2163 inf
2164 0
2165 inf
2166 0
2167 0
2168 inf
2169 0
2170 inf
2171 inf
2172 0
2173 0
2174 0
2175 inf
2176 inf
2177 inf
2178 inf
2179 inf
2180 0
2181 0
2182 0
2183 0
2184 0
2185 inf
2186 0
2187 inf
2188 0
2189 inf
2190 inf
2191 0
2192 inf
2193 0
2194 inf
2195 inf
2196 inf
2197 inf
2198 0
2199 0
2200 0
2201 inf
2202 0
2203 inf
2204 inf
2205 inf
2206 0
2207 0
2208 0
2209 0
2210 0
2211 0
2212 inf
2213 inf
2214 0
2215 inf
2216 inf
2217 inf
2218 0
2219 0
2220 inf
2221 inf
2222 inf
2223 0
2224 inf
2225 0
2226 0
2227 inf
2228 inf
2229 inf
2230 0
2231 0
2232 inf
2233 0
2234 0
2235 inf
2236 inf
2237 inf
2238 0
2239 0
2240 0
2241 inf
2242 inf
2243 inf
2244 inf
2245 inf
2246 0
2247 inf
2248 inf
2249 0
2250 0
2251 0
2252 inf
2253 0
2254 inf
2255 inf
2256 inf
2257 inf
2258 inf
2259 inf
2260 inf
2261 inf
2262 inf
2263 inf
2264 0
2265 inf
2266 inf
2267 0
2268 inf
2269 inf
2270 inf
2271 0
2272 0
2273 inf
2274 0
2275 0
2276 inf
2277 inf
2278 inf
2279 0
2280 inf
2281 inf
2282 inf
2283 0
2284 0
2285 0
2286 0
2287 0
2288 inf
2289 inf
2290 inf
2291 inf
2292 inf
2293 0
2294 inf
2295 0
2296 inf
2297 inf
2298 0
2299 0
2300 0
2301 inf
2302 0
2303 inf
2304 inf
2305 inf
2306 0
2307 0
2308 0
2309 0
2310 inf
2311 inf
2312 inf
2313 inf
2314 inf
2315 inf
2316 0
2317 inf
2318 0
2319 0
2320 0
2321 0
2322 0
2323 inf
2324 0
2325 0
2326 inf
2327 inf
2328 0
2329 inf
2330 inf
2331 0
2332 0
2333 inf
2334 inf
2335 inf
2336 inf
2337 inf
2338 0
2339 inf
2340 0
2341 inf
2342 0
2343 inf
2344 0
2345 0
2346 inf
2347 inf
2348 0
2349 0
2350 inf
2351 inf
2352 inf
2353 inf
2354 0
2355 inf
2356 inf
2357 inf
2358 inf
2359 inf
2360 0
2361 0
2362 inf
2363 0
2364 0
2365 0
2366 0
2367 0
2368 0
2369 inf
2370 0
2371 inf
2372 0
2373 inf
2374 inf
2375 0
2376 0
2377 inf
2378 0
2379 inf
2380 0
2381 inf
2382 inf
2383 inf
2384 0
2385 inf
2386 0
2387 inf
2388 inf
2389 inf
2390 0
2391 0
2392 inf
2393 0
2394 0
2395 0
2396 inf
2397 0
2398 inf
2399 0
2400 0
2401 inf
2402 inf
2403 0
2404 0
2405 inf
2406 inf
2407 0
2408 inf
2409 0
2410 0
2411 0
2412 0
2413 0
2414 0
2415 0
2416 0
2417 0
2418 0
2419 inf
2420 inf
2421 0
2422 0
2423 0
2424 inf
2425 0
2426 0
2427 inf
2428 0
2429 0
2430 0
2431 inf
2432 inf
2433 inf
2434 inf
2435 inf
2436 inf
2437 inf
2438 0
2439 inf
2440 inf
2441 inf
2442 0
2443 0
2444 inf
2445 inf
2446 inf
2447 inf
2448 0
2449 inf
2450 inf
2451 0
2452 0
2453 0
2454 0
2455 0
2456 inf
2457 0
2458 inf
2459 0
2460 0
2461 0
2462 0
2463 inf
2464 0
2465 0
2466 0
2467 0
2468 0
2469 inf
2470 inf
2471 0
2472 0
2473 0
2474 0
2475 inf
2476 0
2477 0
2478 inf
2479 0
2480 inf
2481 inf
2482 0
2483 inf
2484 inf
2485 0
2486 inf
2487 inf
2488 0
2489 inf
2490 inf
2491 inf
2492 0
2493 0
2494 inf
2495 0
2496 0
2497 0
2498 0
2499 0
2500 0
2501 0
2502 0
2503 0
2504 0
2505 0
2506 inf
2507 inf
2508 inf
2509 0
2510 0
2511 inf
2512 inf
2513 inf
2514 inf
2515 inf
2516 0
2517 0
2518 inf
2519 inf
2520 inf
2521 0
2522 0
2523 inf
2524 inf
2525 inf
2526 inf
2527 0
2528 inf
2529 0
2530 0
2531 inf
2532 0
2533 inf
2534 0
2535 inf
2536 0
2537 0
2538 0
2539 0
2540 inf
2541 inf
2542 0
2543 0
2544 inf
2545 0
2546 0
2547 0
2548 inf
2549 0
2550 0
2551 0
2552 0
2553 inf
2554 0
2555 inf
2556 0
2557 inf
2558 0
2559 inf
2560 0
2561 0
2562 0
2563 inf
2564 inf
2565 0
2566 0
2567 inf
2568 inf
2569 0
2570 0
2571 0
2572 0
2573 0
2574 0
2575 inf
2576 inf
2577 0
2578 inf
2579 inf
2580 inf
2581 0
2582 inf
2583 inf
2584 0
2585 0
2586 inf
2587 0
2588 inf
2589 0
2590 inf
2591 inf
2592 inf
2593 0
2594 0
2595 inf
2596 inf
2597 inf
2598 0
2599 inf
2600 0
2601 0
2602 inf
2603 inf
2604 0
2605 0
2606 0
2607 inf
2608 0
2609 0
2610 inf
2611 inf
2612 inf
2613 inf
2614 inf
2615 inf
2616 0
2617 0
2618 inf
2619 inf
2620 0
2621 inf
2622 inf
2623 inf
2624 0
2625 inf
2626 0
2627 inf
2628 0
2629 0
2630 inf
2631 inf
2632 0
2633 0
2634 0
2635 inf
2636 inf
2637 0
2638 0
2639 0
2640 0
2641 0
2642 0
2643 0
2644 0
2645 inf
2646 inf
2647 inf
2648 0
2649 inf
2650 0
2651 0
2652 inf
2653 0
2654 0
2655 inf
2656 inf
2657 inf
2658 inf
2659 inf
2660 0
2661 inf
2662 0
2663 inf
2664 inf
2665 inf
2666 0
2667 inf
2668 inf
2669 0
2670 inf
2671 0
2672 0
2673 inf
2674 0
2675 0
2676 inf
2677 inf
2678 inf
2679 0
2680 0
2681 0
2682 0
2683 0
2684 inf
2685 0
2686 inf
2687 0
2688 0
2689 inf
2690 inf
2691 inf
2692 inf
2693 inf
2694 0
2695 inf
2696 inf
2697 inf
2698 0
2699 inf
2700 inf
2701 0
2702 inf
2703 inf
2704 0
2705 inf
2706 inf
2707 0
2708 0
2709 0
2710 0
2711 inf
2712 0
2713 inf
2714 inf
2715 inf
2716 0
2717 0
2718 0
2719 0
2720 inf
2721 0
2722 0
2723 0
2724 inf
2725 0
2726 inf
2727 0
2728 0
2729 inf
2730 inf
2731 inf
2732 inf
2733 0
2734 inf
2735 inf
2736 inf
2737 inf
2738 inf
2739 0
2740 0
2741 0
2742 0
2743 inf
2744 0
2745 0
2746 inf
2747 inf
2748 inf
2749 0
2750 0
2751 0
2752 0
2753 inf
2754 0
2755 inf
2756 0
2757 inf
2758 0
2759 0
2760 inf
2761 inf
2762 inf
2763 inf
2764 inf
2765 0
2766 0
2767 inf
2768 inf
2769 inf
2770 0
2771 0
2772 0
2773 0
2774 inf
2775 inf
2776 0
2777 inf
2778 0
2779 inf
2780 inf
2781 inf
2782 inf
2783 inf
2784 0
2785 0
2786 0
2787 inf
2788 inf
2789 inf
2790 inf
2791 inf
2792 0
2793 0
2794 0
2795 0
2796 0
2797 inf
2798 0
2799 0
2800 inf
2801 inf
2802 0
2803 0
2804 inf
2805 inf
2806 inf
2807 inf
2808 0
2809 inf
2810 inf
2811 inf
2812 inf
2813 0
2814 0
2815 0
2816 0
2817 0
2818 inf
2819 inf
2820 0
2821 inf
2822 inf
2823 0
2824 0
2825 inf
2826 inf
2827 0
2828 inf
2829 0
2830 0
2831 0
2832 inf
2833 inf
2834 inf
2835 inf
2836 0
2837 0
2838 0
2839 inf
2840 inf
2841 0
2842 inf
2843 inf
2844 0
2845 0
2846 0
2847 0
2848 inf
2849 0
2850 inf
2851 0
2852 0
2853 inf
2854 0
2855 inf
2856 0
2857 0
2858 0
2859 0
2860 inf
2861 inf
2862 inf
2863 inf
2864 inf
2865 inf
2866 0
2867 inf
2868 0
2869 inf
2870 inf
2871 0
2872 inf
2873 inf
2874 inf
2875 0
2876 0
2877 0
2878 inf
2879 inf
2880 0
2881 inf
2882 inf
2883 inf
2884 inf
2885 0
2886 0
2887 inf
2888 inf
2889 inf
2890 0
2891 inf
2892 0
2893 0
2894 0
2895 inf
2896 inf
2897 0
2898 inf
2899 inf
2900 0
2901 0
2902 0
2903 inf
2904 0
2905 0
2906 0
2907 0
2908 0
2909 0
2910 0
2911 0
2912 0
2913 inf
2914 0
2915 0
2916 0
2917 0
2918 0
2919 inf
2920 inf
2921 inf
2922 0
2923 inf
2924 inf
2925 0
2926 0
2927 0
2928 inf
2929 0
2930 0
2931 0
2932 0
2933 0
2934 inf
2935 0
2936 inf
2937 inf
2938 inf
2939 inf
2940 inf
2941 0
2942 0
2943 inf
2944 inf
2945 inf
2946 0
2947 0
2948 0
2949 inf
2950 0
2951 0
2952 0
2953 0
2954 inf
2955 0
2956 inf
2957 inf
2958 inf
2959 inf
2960 0
2961 0
2962 inf
2963 0
2964 inf
2965 0
2966 0
2967 0
2968 0
2969 0
2970 0
2971 inf
2972 0
2973 inf
2974 0
2975 0
2976 inf
2977 inf
2978 0
2979 inf
2980 inf
2981 0
2982 0
2983 0
2984 inf
2985 0
2986 inf
2987 0
2988 0
2989 inf
2990 inf
2991 0
2992 0
2993 inf
2994 0
2995 0
2996 inf
2997 0
2998 inf
2999 0
3000 0
3001 0
3002 inf
3003 inf
3004 inf
3005 inf
3006 inf
3007 inf
3008 inf
3009 inf
3010 inf
3011 inf
3012 inf
3013 0
3014 inf
3015 inf
3016 inf
3017 0
3018 inf
3019 inf
3020 inf
3021 inf
3022 inf
3023 inf
3024 0
3025 0
3026 0
3027 0
3028 inf
3029 0
3030 inf
3031 0
3032 inf
3033 inf
3034 0
3035 0
3036 inf
3037 0
3038 inf
3039 0
3040 inf
3041 0
3042 inf
3043 inf
3044 0
3045 inf
3046 0
3047 0
3048 0
3049 inf
3050 inf
3051 0
3052 0
3053 inf
3054 0
3055 inf
3056 inf
3057 0
3058 inf
3059 inf
3060 0
3061 0
3062 inf
3063 inf
3064 inf
3065 0
3066 inf
3067 inf
3068 inf
3069 inf
3070 inf
3071 0
3072 0
3073 0
3074 inf
3075 0
3076 0
3077 0
3078 inf
3079 0
3080 0
3081 inf
3082 inf
3083 0
3084 0
3085 0
3086 inf
3087 inf
3088 inf
3089 inf
3090 0
3091 inf
3092 inf
3093 inf
3094 0
3095 inf
3096 0
3097 0
3098 0
3099 0
3100 inf
3101 0
3102 0
3103 inf
3104 inf
3105 inf
3106 inf
3107 0
3108 0
3109 0
3110 inf
3111 0
3112 0
3113 inf
3114 inf
3115 0
3116 0
3117 inf
3118 0
3119 0
3120 0
3121 0
3122 0
3123 0
3124 0
3125 0
3126 0
3127 inf
3128 inf
3129 0
3130 inf
3131 0
3132 inf
3133 0
3134 0
3135 0
3136 0
3137 inf
3138 0
3139 0
3140 0
3141 0
3142 0
3143 inf
3144 inf
3145 inf
3146 inf
3147 0
3148 0
3149 0
3150 inf
3151 inf
3152 inf
3153 inf
3154 0
3155 0
3156 inf
3157 0
3158 0
3159 0
3160 0
3161 0
3162 0
3163 0
3164 inf
3165 inf
3166 0
3167 0
3168 inf
3169 0
3170 0
3171 inf
3172 inf
3173 0
3174 0
3175 0
3176 inf
3177 inf
3178 inf
3179 0
3180 inf
3181 0
3182 0
3183 inf
3184 inf
3185 0
3186 inf
3187 inf
3188 inf
3189 0
3190 inf
3191 inf
3192 inf
3193 0
3194 0
3195 0
3196 inf
3197 0
3198 inf
3199 inf
3200 0
3201 0
3202 0
3203 0
3204 inf
3205 0
3206 0
3207 0
3208 0
3209 0
3210 0
3211 inf
3212 inf
3213 inf
3214 inf
3215 0
3216 inf
3217 inf
3218 0
3219 0
3220 0
3221 inf
3222 inf
3223 0
3224 inf
3225 inf
3226 0
3227 0
3228 0
3229 0
3230 inf
3231 0
3232 0
3233 0
3234 0
3235 inf
3236 0
3237 inf
3238 0
3239 inf
3240 0
3241 inf
3242 0
3243 0
3244 inf
3245 inf
3246 0
3247 0
3248 inf
3249 0
3250 inf
3251 0
3252 0
3253 inf
3254 0
3255 inf
3256 inf
3257 0
3258 inf
3259 inf
3260 0
3261 0
3262 inf
3263 0
3264 0
3265 0
3266 0
3267 0
3268 0
3269 0
3270 inf
3271 inf
3272 0
3273 0
3274 inf
3275 0
3276 0
3277 0
3278 inf
3279 0
3280 0
3281 inf
3282 inf
3283 0
3284 inf
3285 0
3286 0
3287 0
3288 inf
3289 inf
3290 0
3291 0
3292 inf
3293 0
3294 inf
3295 0
3296 0
3297 inf
3298 0
3299 0
3300 0
3301 0
3302 inf
3303 inf
3304 inf
3305 0
3306 0
3307 0
3308 inf
3309 inf
3310 inf
3311 0
3312 inf
3313 0
3314 inf
3315 inf
3316 inf
3317 inf
3318 0
3319 inf
3320 inf
3321 0
3322 inf
3323 inf
3324 0
3325 inf
3326 0
3327 0
3328 inf
3329 0
3330 0
3331 inf
3332 0
3333 inf
3334 0
3335 0
3336 0
3337 0
3338 0
3339 0
3340 inf
3341 0
3342 inf
3343 0
3344 0
3345 0
3346 0
3347 0
3348 0
3349 0
3350 0
3351 0
3352 0
3353 0
3354 0
3355 inf
3356 inf
3357 0
3358 inf
3359 0
3360 0
3361 inf
3362 inf
3363 0
3364 0
3365 inf
3366 0
3367 inf
3368 inf
3369 inf
3370 inf
3371 inf
3372 0
3373 0
3374 0
3375 inf
3376 inf
3377 inf
3378 0
3379 inf
3380 0
3381 0
3382 0
3383 0
3384 0
3385 inf
3386 0
3387 0
3388 inf
3389 0
3390 inf
3391 inf
3392 0
3393 inf
3394 0
3395 inf
3396 inf
3397 inf
3398 0
3399 0
3400 0
3401 inf
3402 inf
3403 inf
3404 inf
3405 0
3406 0
3407 0
3408 0
3409 0
3410 inf
3411 0
3412 inf
3413 0
3414 inf
3415 inf
3416 inf
3417 0
3418 0
3419 inf
3420 0
3421 inf
3422 inf
3423 0
3424 0
3425 inf
3426 inf
3427 0
3428 inf
3429 0
3430 inf
3431 inf
3432 inf
3433 0
3434 0
3435 inf
3436 inf
3437 inf
3438 0
3439 inf
3440 0
3441 0
3442 0
3443 0
3444 0
3445 0
3446 0
3447 0
3448 0
3449 0
3450 0
3451 inf
3452 inf
3453 inf
3454 inf
3455 0
3456 0
3457 0
3458 inf
3459 0
3460 0
3461 0
3462 inf
3463 inf
3464 0
3465 0
3466 0
3467 inf
3468 inf
3469 inf
3470 inf
3471 inf
3472 0
3473 inf
3474 0
3475 inf
3476 inf
3477 0
3478 0
3479 inf
3480 inf
3481 0
3482 0
3483 0
3484 inf
3485 inf
3486 0
3487 0
3488 0
3489 0
3490 0
3491 0
3492 inf
3493 inf
3494 inf
3495 0
3496 inf
3497 inf
3498 inf
3499 0
3500 0
3501 0
3502 0
3503 inf
3504 0
3505 inf
3506 0
3507 0
3508 inf
3509 inf
3510 inf
3511 0
3512 0
3513 inf
3514 inf
3515 0
3516 0
3517 0
3518 0
3519 0
3520 0
3521 inf
3522 inf
3523 0
3524 inf
3525 inf
3526 0
3527 inf
3528 0
3529 0
3530 inf
3531 inf
3532 0
3533 0
3534 inf
3535 0
3536 inf
3537 0
3538 inf
3539 0
3540 0
3541 inf
3542 inf
3543 0
3544 0
3545 0
3546 0
3547 0
3548 0
3549 inf
3550 0
3551 inf
3552 0
3553 0
3554 0
3555 0
3556 inf
3557 0
3558 inf
3559 0
3560 0
3561 0
3562 inf
3563 inf
3564 0
3565 0
3566 inf
3567 inf
3568 0
3569 inf
3570 inf
3571 inf
3572 inf
3573 inf
3574 inf
3575 inf
3576 0
3577 inf
3578 inf
3579 inf
3580 0
3581 0
3582 0
3583 inf
3584 inf
3585 inf
3586 inf
3587 0
3588 0
3589 0
3590 inf
3591 0
3592 0
3593 inf
3594 0
3595 0
3596 inf
3597 inf
3598 0
3599 inf
3600 inf
3601 0
3602 0
3603 inf
3604 0
3605 0
3606 0
3607 inf
3608 inf
3609 inf
3610 inf
3611 0
3612 inf
3613 inf
3614 inf
3615 0
3616 inf
3617 inf
3618 inf
3619 0
3620 inf
3621 inf
3622 0
3623 inf
3624 0
3625 inf
3626 inf
3627 inf
3628 inf
3629 0
3630 inf
3631 inf
3632 0
3633 inf
3634 0
3635 0
3636 0
3637 inf
3638 0
3639 0
3640 inf
3641 inf
3642 0
3643 0
3644 0
3645 inf
3646 inf
3647 0
3648 inf
3649 0
3650 inf
3651 0
3652 inf
3653 0
3654 0
3655 inf
3656 inf
3657 0
3658 inf
3659 inf
3660 0
3661 inf
3662 inf
3663 inf
3664 0
3665 inf
3666 inf
3667 inf
3668 0
3669 0
3670 0
3671 inf
3672 0
3673 0
3674 0
3675 0
3676 inf
3677 0
3678 inf
3679 0
3680 0
3681 0
3682 inf
3683 0
3684 0
3685 inf
3686 inf
3687 0
3688 0
3689 inf
3690 inf
3691 0
3692 0
3693 inf
3694 0
3695 inf
3696 inf
3697 0
3698 0
3699 inf
3700 inf
3701 inf
3702 inf
3703 inf
3704 0
3705 0
3706 inf
3707 0
3708 inf
3709 0
3710 inf
3711 inf
3712 inf
3713 0
3714 inf
3715 inf
3716 0
3717 inf
3718 inf
3719 inf
3720 inf
3721 0
3722 0
3723 0
3724 0
3725 inf
3726 inf
3727 inf
3728 0
3729 0
3730 inf
3731 inf
3732 inf
3733 inf
3734 inf
3735 inf
3736 inf
3737 inf
3738 inf
3739 0
3740 0
3741 inf
3742 0
3743 inf
3744 0
3745 inf
3746 0
3747 0
3748 inf
3749 inf
3750 inf
3751 0
3752 inf
3753 0
3754 inf
3755 0
3756 inf
3757 0
3758 0
3759 0
3760 inf
3761 inf
3762 inf
3763 inf
3764 inf
3765 0
3766 0
3767 0
3768 0
3769 inf
3770 inf
3771 inf
3772 0
3773 inf
3774 inf
3775 0
3776 0
3777 inf
3778 inf
3779 0
3780 0
3781 inf
3782 inf
3783 inf
3784 inf
3785 0
3786 inf
3787 inf
3788 inf
3789 inf
3790 0
3791 0
3792 inf
3793 inf
3794 0
3795 inf
3796 inf
3797 0
3798 inf
3799 inf
3800 inf
3801 inf
3802 inf
3803 inf
3804 0
3805 inf
3806 0
3807 inf
3808 inf
3809 0
3810 0
3811 0
3812 inf
3813 0
3814 0
3815 0
3816 inf
3817 inf
3818 inf
3819 0
3820 inf
3821 0
3822 0
3823 0
3824 0
3825 0
3826 0
3827 inf
3828 0
3829 0
3830 inf
3831 0
3832 inf
3833 inf
3834 0
3835 0
3836 inf
3837 inf
3838 inf
3839 0
3840 inf
3841 inf
3842 inf
3843 0
3844 inf
3845 inf
3846 0
3847 inf
3848 inf
3849 0
3850 inf
3851 inf
3852 0
3853 0
3854 inf
3855 inf
3856 inf
3857 0
3858 inf
3859 inf
3860 0
3861 0
3862 inf
3863 inf
3864 inf
3865 0
3866 0
3867 0
3868 inf
3869 inf
3870 inf
3871 0
3872 inf
3873 inf
3874 0
3875 inf
3876 0
3877 0
3878 inf
3879 inf
3880 0
3881 inf
3882 inf
3883 inf
3884 inf
3885 0
3886 0
3887 inf
3888 0
3889 inf
3890 inf
3891 0
3892 inf
3893 0
3894 0
3895 inf
3896 0
3897 inf
3898 0
3899 0
3900 inf
3901 inf
3902 inf
3903 inf
3904 inf
3905 0
3906 inf
3907 0
3908 0
3909 inf
3910 inf
3911 0
3912 0
3913 0
3914 0
3915 0
3916 inf
3917 0
3918 0
3919 0
3920 inf
3921 0
3922 0
3923 inf
3924 0
3925 0
3926 inf
3927 0
3928 0
3929 inf
3930 inf
3931 inf
3932 0
3933 inf
3934 inf
3935 inf
3936 inf
3937 0
3938 0
3939 inf
3940 0
3941 0
3942 0
3943 inf
3944 inf
3945 0
3946 0
3947 inf
3948 inf
3949 inf
3950 0
3951 0
3952 0
3953 inf
3954 0
3955 0
3956 inf
3957 0
3958 inf
3959 inf
3960 inf
3961 inf
3962 0
3963 inf
3964 inf
3965 0
3966 inf
3967 inf
3968 inf
3969 0
3970 inf
3971 0
3972 inf
3973 inf
3974 inf
3975 inf
3976 inf
3977 inf
3978 inf
3979 inf
3980 0
3981 0
3982 inf
3983 inf
3984 0
3985 0
3986 inf
3987 inf
3988 inf
3989 0
3990 inf
3991 inf
3992 0
3993 0
3994 0
3995 0
3996 inf
3997 inf
3998 inf
3999 inf
4000 0
4001 inf
4002 inf
4003 0
4004 0
4005 0
4006 inf
4007 inf
4008 inf
4009 inf
4010 0
4011 inf
4012 inf
4013 inf
4014 inf
4015 0
4016 0
4017 0
4018 0
4019 0
4020 inf
4021 0
4022 inf
4023 inf
4024 inf
4025 0
4026 0
4027 0
4028 inf
4029 inf
4030 inf
4031 inf
4032 0
4033 0
4034 inf
4035 0
4036 0
4037 0
4038 0
4039 0
4040 inf
4041 inf
4042 inf
4043 0
4044 0
4045 inf
4046 inf
4047 0
4048 0
4049 0
4050 0
4051 inf
4052 inf
4053 0
4054 0
4055 inf
4056 inf
4057 0
4058 0
4059 inf
4060 inf
4061 0
4062 0
4063 inf
4064 0
4065 inf
4066 0
4067 inf
4068 0
4069 0
4070 0
4071 0
4072 0
4073 0
4074 inf
4075 inf
4076 0
4077 inf
4078 0
4079 0
4080 inf
4081 0
4082 0
4083 0
4084 inf
4085 0
4086 0
4087 inf
4088 inf
4089 0
4090 inf
4091 0
4092 inf
4093 inf
4094 0
4095 0
4096 inf
4097 0
4098 inf
4099 0
4100 inf
4101 0
4102 0
4103 inf
4104 0
4105 inf
4106 inf
4107 inf
4108 inf
4109 inf
4110 inf
4111 0
4112 0
4113 inf
4114 0
4115 0
4116 0
4117 0
4118 inf
4119 0
4120 inf
4121 0
4122 inf
4123 inf
4124 inf
4125 0
4126 0
4127 inf
4128 0
4129 inf
4130 0
4131 inf
4132 inf
4133 inf
4134 0
4135 inf
4136 0
4137 inf
4138 inf
4139 0
4140 inf
4141 0
4142 0
4143 inf
4144 inf
4145 0
4146 0
4147 inf
4148 inf
4149 0
4150 0
4151 inf
4152 0
4153 0
4154 0
4155 0
4156 inf
4157 inf
4158 inf
4159 0
4160 0
4161 0
4162 0
4163 inf
4164 0
4165 0
4166 0
4167 0
4168 inf
4169 0
4170 0
4171 inf
4172 inf
4173 inf
4174 inf
4175 0
4176 0
4177 0
4178 inf
4179 inf
4180 inf
4181 inf
4182 inf
4183 0
4184 0
4185 inf
4186 0
4187 0
4188 0
4189 inf
4190 inf
4191 0
4192 0
4193 inf
4194 inf
4195 0
4196 0
4197 inf
4198 0
4199 0
4200 0
4201 0
4202 0
4203 inf
4204 inf
4205 0
4206 0
4207 0
4208 0
4209 0
4210 0
4211 0
4212 0
4213 inf
4214 0
4215 0
4216 inf
4217 inf
4218 0
4219 inf
4220 0
4221 0
4222 0
4223 0
4224 inf
4225 inf
4226 inf
4227 inf
4228 0
4229 inf
4230 inf
4231 0
4232 0
4233 inf
4234 inf
4235 0
4236 inf
4237 inf
4238 inf
4239 inf
4240 inf
4241 0
4242 0
4243 inf
4244 0
4245 0
4246 inf
4247 0
4248 inf
4249 0
4250 inf
4251 inf
4252 inf
4253 0
4254 inf
4255 inf
4256 0
4257 0
4258 inf
4259 inf
4260 0
4261 0
4262 inf
4263 0
4264 inf
4265 inf
4266 0
4267 0
4268 inf
4269 0
4270 0
4271 inf
4272 0
4273 0
4274 inf
4275 0
4276 inf
4277 0
4278 0
4279 0
4280 inf
4281 inf
4282 0
4283 inf
4284 0
4285 inf
4286 inf
4287 0
4288 inf
4289 inf
4290 inf
4291 0
4292 inf
4293 inf
4294 0
4295 inf
4296 0
4297 0
4298 inf
4299 inf
4300 0
4301 0
4302 0
4303 inf
4304 inf
4305 inf
4306 inf
4307 0
4308 0
4309 inf
4310 inf
4311 0
4312 0
4313 inf
4314 0
4315 0
4316 0
4317 0
4318 inf
4319 0
4320 inf
4321 0
4322 inf
4323 inf
4324 0
4325 0
4326 0
4327 inf
4328 inf
4329 inf
4330 0
4331 0
4332 inf
4333 inf
4334 inf
4335 0
4336 inf
4337 inf
4338 0
4339 inf
4340 0
4341 0
4342 0
4343 0
4344 0
4345 0
4346 0
4347 0
4348 inf
4349 0
4350 inf
4351 0
4352 0
4353 inf
4354 0
4355 inf
4356 0
4357 0
4358 inf
4359 inf
4360 0
4361 0
4362 0
4363 0
4364 inf
4365 inf
4366 0
4367 0
4368 0
4369 0
4370 0
4371 inf
4372 inf
4373 inf
4374 0
4375 0
4376 inf
4377 inf
4378 0
4379 0
4380 inf
4381 0
4382 inf
4383 0
4384 0
4385 0
4386 0
4387 0
4388 0
4389 inf
4390 0
4391 0
4392 inf
4393 inf
4394 inf
4395 inf
4396 0
4397 0
4398 0
4399 0
4400 inf
4401 inf
4402 inf
4403 inf
4404 0
4405 0
4406 0
4407 0
4408 inf
4409 0
4410 inf
4411 inf
4412 inf
4413 inf
4414 inf
4415 0
4416 inf
4417 0
4418 inf
4419 inf
4420 0
4421 inf
4422 inf
4423 0
4424 inf
4425 inf
4426 inf
4427 inf
4428 0
4429 0
4430 inf
4431 0
4432 0
4433 inf
4434 inf
4435 0
4436 inf
4437 inf
4438 0
4439 inf
4440 inf
4441 inf
4442 inf
4443 inf
4444 inf
4445 inf
4446 0
4447 0
4448 inf
4449 0
4450 0
4451 0
4452 inf
4453 0
4454 inf
4455 0
4456 0
4457 inf
4458 inf
4459 inf
4460 inf
4461 0
4462 inf
4463 inf
4464 0
4465 0
4466 0
4467 0
4468 inf
4469 0
4470 0
4471 inf
4472 0
4473 0
4474 inf
4475 inf
4476 0
4477 inf
4478 0
4479 inf
4480 inf
4481 0
4482 inf
4483 inf
4484 inf
4485 inf
4486 0
4487 inf
4488 inf
4489 0
4490 0
4491 0
4492 inf
4493 0
4494 inf
4495 0
4496 0
4497 inf
4498 inf
4499 inf
4500 0
4501 0
4502 inf
4503 inf
4504 inf
4505 inf
4506 inf
4507 inf
4508 0
4509 0
4510 inf
4511 0
4512 0
4513 0
4514 0
4515 0
4516 inf
4517 inf
4518 0
4519 0
4520 0
4521 0
4522 0
4523 inf
4524 0
4525 inf
4526 inf
4527 inf
4528 0
4529 0
4530 inf
4531 inf
4532 0
4533 inf
4534 inf
4535 inf
4536 inf
4537 0
4538 0
4539 0
4540 0
4541 0
4542 0
4543 inf
4544 inf
4545 inf
4546 0
4547 inf
4548 0
4549 0
4550 inf
4551 0
4552 0
4553 inf
4554 0
4555 inf
4556 0
4557 0
4558 inf
4559 inf
4560 inf
4561 inf
4562 0
4563 inf
4564 0
4565 inf
4566 inf
4567 0
4568 0
4569 inf
4570 inf
4571 0
4572 inf
4573 0
4574 inf
4575 inf
4576 0
4577 0
4578 inf
4579 inf
4580 0
4581 0
4582 0
4583 0
4584 0
4585 inf
4586 inf
4587 inf
4588 inf
4589 0
4590 inf
4591 0
4592 0
4593 inf
4594 0
4595 inf
4596 inf
4597 0
4598 inf
4599 inf
4600 0
4601 0
4602 0
4603 inf
4604 inf
4605 0
4606 0
4607 0
4608 inf
4609 inf
4610 inf
4611 inf
4612 inf
4613 inf
4614 0
4615 0
4616 inf
4617 inf
4618 inf
4619 inf
4620 inf
4621 0
4622 inf
4623 inf
4624 0
4625 0
4626 0
4627 0
4628 0
4629 inf
4630 0
4631 0
4632 inf
4633 0
4634 inf
4635 0
4636 0
4637 0
4638 inf
4639 inf
4640 inf
4641 inf
4642 0
4643 0
4644 0
4645 inf
4646 0
4647 inf
4648 0
4649 0
4650 inf
4651 0
4652 0
4653 inf
4654 inf
4655 0
4656 0
4657 0
4658 inf
4659 inf
4660 inf
4661 0
4662 0
4663 0
4664 0
4665 inf
4666 inf
4667 inf
4668 inf
4669 0
4670 0
4671 inf
4672 inf
4673 0
4674 0
4675 inf
4676 0
4677 inf
4678 0
4679 0
4680 0
4681 0
4682 inf
4683 0
4684 0
4685 inf
4686 0
4687 0
4688 inf
4689 inf
4690 0
4691 0
4692 0
4693 inf
4694 0
4695 inf
4696 0
4697 0
4698 inf
4699 inf
4700 0
4701 0
4702 0
4703 inf
4704 inf
4705 0
4706 0
4707 0
4708 inf
4709 0
4710 inf
4711 0
4712 0
4713 0
4714 inf
4715 inf
4716 inf
4717 0
4718 inf
4719 inf
4720 inf
4721 0
4722 inf
4723 inf
4724 0
4725 0
4726 0
4727 inf
4728 inf
4729 inf
4730 inf
4731 0
4732 0
4733 0
4734 inf
4735 inf
4736 inf
4737 0
4738 0
4739 inf
4740 0
4741 inf
4742 0
4743 inf
4744 0
4745 0
4746 0
4747 inf
4748 inf
4749 inf
4750 inf
4751 inf
4752 inf
4753 0
4754 0
4755 inf
4756 0
4757 0
4758 0
4759 0
4760 0
4761 0
4762 0
4763 inf
4764 0
4765 0
4766 inf
4767 0
4768 0
4769 0
4770 0
4771 0
4772 inf
4773 inf
4774 inf
4775 inf
4776 0
4777 inf
4778 inf
4779 inf
4780 0
4781 inf
4782 inf
4783 0
4784 0
4785 0
4786 0
4787 0
4788 0
4789 0
4790 0
4791 inf
4792 0
4793 inf
4794 inf
4795 inf
4796 inf
4797 0
4798 inf
4799 inf
4800 inf
4801 inf
4802 0
4803 0
4804 0
4805 inf
4806 inf
4807 0
4808 inf
4809 inf
4810 inf
4811 0
4812 inf
4813 0
4814 inf
4815 0
4816 inf
4817 0
4818 0
4819 inf
4820 inf
4821 inf
4822 inf
4823 0
4824 0
4825 inf
4826 inf
4827 inf
4828 0
4829 0
4830 inf
4831 inf
4832 inf
4833 0
4834 inf
4835 0
4836 0
4837 inf
4838 inf
4839 0
4840 inf
4841 0
4842 inf
4843 0
4844 inf
4845 0
4846 inf
4847 0
4848 0
4849 0
4850 inf
4851 inf
4852 0
4853 0
4854 inf
4855 inf
4856 0
4857 0
4858 inf
4859 0
4860 0
4861 inf
4862 inf
4863 inf
4864 0
4865 0
4866 0
4867 inf
4868 0
4869 0
4870 inf
4871 inf
4872 0
4873 inf
4874 0
4875 inf
4876 0
4877 0
4878 inf
4879 inf
4880 inf
4881 inf
4882 inf
4883 0
4884 inf
4885 inf
4886 0
4887 0
4888 inf
4889 0
4890 inf
4891 0
4892 0
4893 inf
4894 inf
4895 inf
4896 0
4897 inf
4898 0
4899 0
4900 0
4901 0
4902 0
4903 0
4904 0
4905 inf
4906 0
4907 0
4908 inf
4909 inf
4910 inf
4911 inf
4912 inf
4913 0
4914 0
4915 inf
4916 0
4917 inf
4918 0
4919 inf
4920 inf
4921 inf
4922 0
4923 0
4924 0
4925 inf
4926 inf
4927 inf
4928 inf
4929 0
4930 inf
4931 0
4932 0
4933 inf
4934 0
4935 0
4936 inf
4937 inf
4938 inf
4939 0
4940 inf
4941 inf
4942 inf
4943 inf
4944 0
4945 inf
4946 inf
4947 0
4948 0
4949 inf
4950 0
4951 0
4952 inf
4953 0
4954 inf
4955 0
4956 0
4957 inf
4958 inf
4959 0
4960 inf
4961 inf
4962 0
4963 inf
4964 inf
4965 inf
4966 inf
4967 0
4968 0
4969 0
4970 0
4971 inf
4972 inf
4973 0
4974 0
4975 0
4976 0
4977 inf
4978 0
4979 0
4980 0
4981 inf
4982 inf
4983 0
4984 0
4985 inf
4986 inf
4987 0
4988 inf
4989 inf
4990 0
4991 inf
4992 inf
4993 inf
4994 0
4995 0
4996 0
4997 inf
4998 inf
4999 inf
5000 0
5001 0
5002 0
5003 0
5004 0
5005 0
5006 inf
5007 inf
5008 0
5009 inf
5010 0
5011 0
5012 0
5013 0
5014 inf
5015 0
5016 0
5017 0
5018 0
5019 inf
5020 inf
5021 inf
5022 0
5023 0
5024 0
5025 inf
5026 0
5027 0
5028 0
5029 0
5030 inf
5031 inf
5032 inf
5033 0
5034 inf
5035 0
5036 inf
5037 inf
5038 inf
5039 inf
5040 inf
5041 inf
5042 inf
5043 0
5044 0
5045 0
5046 inf
5047 inf
5048 inf
5049 0
5050 0
5051 0
5052 inf
5053 inf
5054 0
5055 0
5056 0
5057 inf
5058 inf
5059 inf
5060 0
5061 0
5062 0
5063 0
5064 0
5065 0
5066 inf
5067 0
5068 inf
5069 0
5070 inf
5071 0
5072 0
5073 inf
5074 inf
5075 inf
5076 inf
5077 0
5078 0
5079 inf
5080 inf
5081 inf
5082 0
5083 0
5084 0
5085 inf
5086 0
5087 inf
5088 0
5089 0
5090 0
5091 0
5092 inf
5093 0
5094 inf
5095 inf
5096 0
5097 inf
5098 inf
5099 0
5100 0
5101 inf
5102 inf
5103 inf
5104 inf
5105 0
5106 inf
5107 0
5108 0
5109 inf
5110 0
5111 inf
5112 inf
5113 inf
5114 0
5115 0
5116 0
5117 0
5118 inf
5119 0
5120 inf
5121 inf
5122 inf
5123 0
5124 0
5125 inf
5126 inf
5127 inf
5128 0
5129 inf
5130 inf
5131 inf
5132 inf
5133 0
5134 0
5135 inf
5136 0
5137 inf
5138 inf
5139 0
5140 0
5141 inf
5142 inf
5143 inf
5144 inf
5145 inf
5146 inf
5147 inf
5148 inf
5149 0
5150 inf
5151 inf
5152 inf
5153 0
5154 0
5155 inf
5156 0
5157 0
5158 inf
5159 inf
5160 inf
5161 inf
5162 0
5163 0
5164 0
5165 inf
5166 0
5167 inf
5168 inf
5169 0
5170 inf
5171 0
5172 0
5173 0
5174 inf
5175 0
5176 inf
5177 inf
5178 0
5179 inf
5180 inf
5181 inf
5182 0
5183 inf
5184 0
5185 inf
5186 0
5187 0
5188 0
5189 0
5190 0
5191 0
5192 0
5193 0
5194 inf
5195 0
5196 0
5197 inf
5198 inf
5199 0
5200 inf
5201 0
5202 0
5203 0
5204 0
5205 inf
5206 inf
5207 0
5208 0
5209 inf
5210 0
5211 inf
5212 0
5213 inf
5214 0
5215 0
5216 inf
5217 inf
5218 inf
5219 0
5220 0
5221 0
5222 inf
5223 inf
5224 inf
5225 inf
5226 0
5227 inf
5228 0
5229 0
5230 inf
5231 inf
5232 0
5233 inf
5234 0
5235 inf
5236 0
5237 inf
5238 0
5239 0
5240 inf
5241 0
5242 0
5243 inf
5244 0
5245 inf
5246 0
5247 0
5248 inf
5249 0
5250 inf
5251 inf
5252 inf
5253 0
5254 inf
5255 0
5256 inf
5257 inf
5258 0
5259 inf
5260 inf
5261 0
5262 0
5263 inf
5264 0
5265 inf
5266 0
5267 0
5268 0
5269 0
5270 inf
5271 inf
5272 inf
5273 inf
5274 0
5275 0
5276 0
5277 inf
5278 0
5279 inf
5280 inf
5281 inf
5282 0
5283 0
5284 inf
5285 inf
5286 inf
5287 0
5288 inf
5289 inf
5290 0
5291 inf
5292 0
5293 0
5294 0
5295 inf
5296 inf
5297 0
5298 0
5299 0
5300 inf
5301 0
5302 inf
5303 0
5304 0
5305 inf
5306 0
5307 inf
5308 inf
5309 0
5310 inf
5311 0
5312 inf
5313 inf
5314 inf
5315 0
5316 inf
5317 0
5318 inf
5319 inf
5320 0
5321 0
5322 0
5323 0
5324 0
5325 inf
5326 inf
5327 0
5328 0
5329 0
5330 0
5331 0
5332 0
5333 inf
5334 inf
5335 inf
5336 0
5337 0
5338 inf
5339 0
5340 0
5341 0
5342 0
5343 0
5344 0
5345 0
5346 0
5347 inf
5348 inf
5349 inf
5350 0
5351 inf
5352 inf
5353 0
5354 0
5355 inf
5356 0
5357 0
5358 0
5359 inf
5360 0
5361 inf
5362 inf
5363 0
5364 0
5365 inf
5366 inf
5367 inf
5368 0
5369 inf
5370 inf
5371 inf
5372 inf
5373 0
5374 0
5375 inf
5376 inf
5377 0
5378 inf
5379 0
5380 0
5381 0
5382 0
5383 inf
5384 inf
5385 inf
5386 inf
5387 0
5388 inf
5389 inf
5390 inf
5391 inf
5392 inf
5393 inf
5394 0
5395 inf
5396 inf
5397 0
5398 0
5399 inf
5400 inf
5401 inf
5402 inf
5403 0
5404 inf
5405 inf
5406 inf
5407 inf
5408 0
5409 0
5410 0
5411 inf
5412 0
5413 inf
5414 inf
5415 0
5416 0
5417 0
5418 0
5419 0
5420 0
5421 inf
5422 inf
5423 0
5424 inf
5425 inf
5426 inf
5427 inf
5428 inf
5429 inf
5430 0
5431 inf
5432 0
5433 0
5434 0
5435 0
5436 inf
5437 0
5438 0
5439 inf
5440 inf
5441 inf
5442 inf
5443 0
5444 0
5445 inf
5446 inf
5447 inf
5448 0
5449 inf
5450 inf
5451 0
5452 0
5453 0
5454 0
5455 0
5456 0
5457 0
5458 inf
5459 0
5460 0
5461 inf
5462 0
5463 inf
5464 0
5465 0
5466 inf
5467 0
5468 inf
5469 inf
5470 inf
5471 inf
5472 0
5473 inf
5474 inf
5475 0
5476 0
5477 0
5478 inf
5479 0
5480 inf
5481 inf
5482 inf
5483 inf
5484 0
5485 0
5486 inf
5487 0
5488 0
5489 0
5490 0
5491 inf
5492 inf
5493 0
5494 inf
5495 0
5496 0
5497 0
5498 0
5499 inf
5500 0
5501 0
5502 0
5503 inf
5504 0
5505 inf
5506 inf
5507 inf
5508 inf
5509 0
5510 inf
5511 inf
5512 0
5513 0
5514 inf
5515 inf
5516 0
5517 inf
5518 0
5519 inf
5520 0
5521 inf
5522 inf
5523 0
5524 inf
5525 0
5526 inf
5527 inf
5528 inf
5529 0
5530 inf
5531 inf
5532 0
5533 inf
5534 0
5535 inf
5536 inf
5537 0
5538 0
5539 inf
5540 inf
5541 inf
5542 inf
5543 inf
5544 0
5545 0
5546 0
5547 inf
5548 inf
5549 0
5550 inf
5551 0
5552 0
5553 inf
5554 0
5555 inf
5556 0
5557 inf
5558 inf
5559 0
5560 0
5561 inf
5562 0
5563 inf
5564 inf
5565 inf
5566 0
5567 inf
5568 inf
5569 inf
5570 0
5571 inf
5572 0
5573 inf
5574 0
5575 0
5576 inf
5577 inf
5578 0
5579 0
5580 0
5581 0
5582 inf
5583 inf
5584 inf
5585 inf
5586 inf
5587 inf
5588 0
5589 0
5590 inf
5591 inf
5592 inf
5593 0
5594 inf
5595 0
5596 0
5597 inf
5598 inf
5599 inf
5600 0
5601 inf
5602 0
5603 inf
5604 inf
5605 inf
5606 inf
5607 inf
5608 inf
5609 0
5610 inf
5611 inf
5612 inf
5613 inf
5614 inf
5615 inf
5616 inf
5617 0
5618 0
5619 0
5620 inf
5621 0
5622 inf
5623 0
5624 inf
5625 inf
5626 0
5627 inf
5628 inf
5629 0
5630 0
5631 0
5632 inf
5633 0
5634 inf
5635 0
5636 0
5637 0
5638 inf
5639 inf
5640 inf
5641 0
5642 0
5643 0
5644 inf
5645 inf
5646 0
5647 0
5648 0
5649 0
5650 inf
5651 inf
5652 inf
5653 0
5654 inf
5655 0
5656 0
5657 inf
5658 0
5659 inf
5660 0
5661 0
5662 0
5663 inf
5664 inf
5665 inf
5666 inf
5667 0
5668 0
5669 0
5670 inf
5671 0
5672 inf
5673 inf
5674 0
5675 0
5676 0
5677 0
5678 0
5679 inf
5680 0
5681 inf
5682 inf
5683 0
5684 0
5685 0
5686 0
5687 0
5688 0
5689 0
5690 inf
5691 0
5692 inf
5693 0
5694 inf
5695 inf
5696 0
5697 inf
5698 0
5699 inf
5700 0
5701 0
5702 0
5703 inf
5704 0
5705 0
5706 inf
5707 inf
5708 inf
5709 0
5710 0
5711 0
5712 0
5713 inf
5714 inf
5715 0
5716 0
5717 inf
5718 inf
5719 0
5720 0
5721 0
5722 0
5723 0
5724 0
5725 0
5726 inf
5727 inf
5728 0
5729 inf
5730 inf
5731 0
5732 0
5733 inf
5734 0
5735 inf
5736 0
5737 0
5738 0
5739 0
5740 0
5741 inf
5742 inf
5743 0
5744 inf
5745 0
5746 0
5747 0
5748 0
5749 0
5750 inf
5751 inf
5752 inf
5753 0
5754 inf
5755 inf
5756 0
5757 inf
5758 0
5759 0
5760 inf
5761 inf
5762 0
5763 0
5764 inf
5765 0
5766 0
5767 0
5768 inf
5769 0
5770 inf
5771 0
5772 inf
5773 inf
5774 0
5775 inf
5776 0
5777 inf
5778 0
5779 inf
5780 0
5781 0
5782 inf
5783 inf
5784 inf
5785 inf
5786 inf
5787 0
5788 inf
5789 0
5790 0
5791 0
5792 inf
5793 0
5794 inf
5795 inf
5796 0
5797 inf
5798 0
5799 0
5800 0
5801 0
5802 0
5803 inf
5804 inf
5805 inf
5806 0
5807 0
5808 inf
5809 inf
5810 inf
5811 inf
5812 0
5813 0
5814 inf
5815 0
5816 inf
5817 0
5818 inf
5819 0
5820 inf
5821 inf
5822 inf
5823 inf
5824 0
5825 0
5826 0
5827 0
5828 0
5829 0
5830 inf
5831 0
5832 0
5833 inf
5834 inf
5835 inf
5836 0
5837 inf
5838 inf
5839 inf
5840 0
5841 inf
5842 0
5843 inf
5844 inf
5845 0
5846 inf
5847 inf
5848 inf
5849 0
5850 0
5851 0
5852 0
5853 0
5854 0
5855 inf
5856 0
5857 0
5858 inf
5859 0
5860 0
5861 inf
5862 0
5863 inf
5864 0
5865 0
5866 inf
5867 0
5868 inf
5869 inf
5870 0
5871 0
5872 0
5873 0
5874 inf
5875 inf
5876 inf
5877 0
5878 0
5879 inf
5880 0
5881 inf
5882 inf
5883 inf
5884 inf
5885 0
5886 0
5887 0
5888 0
5889 inf
5890 0
5891 0
5892 0
5893 inf
5894 inf
5895 inf
5896 0
5897 inf
5898 0
5899 inf
5900 inf
5901 0
5902 0
5903 inf
5904 inf
5905 0
5906 inf
5907 0
5908 inf
5909 0
5910 0
5911 0
5912 0
5913 0
5914 inf
5915 0
5916 0
5917 0
5918 inf
5919 0
5920 0
5921 0
5922 inf
5923 inf
5924 inf
5925 inf
5926 inf
5927 inf
5928 inf
5929 inf
5930 0
5931 inf
5932 inf
5933 inf
5934 0
5935 0
5936 0
5937 inf
5938 inf
5939 inf
5940 inf
5941 inf
5942 inf
5943 inf
5944 0
5945 inf
5946 inf
5947 0
5948 0
5949 inf
5950 inf
5951 0
5952 inf
5953 0
5954 0
5955 inf
5956 inf
5957 inf
5958 inf
5959 0
5960 inf
5961 0
5962 0
5963 inf
5964 inf
5965 inf
5966 0
5967 0
5968 0
5969 0
5970 0
5971 inf
5972 0
5973 inf
5974 0
5975 0
5976 inf
5977 0
5978 inf
5979 inf
5980 0
5981 0
5982 inf
5983 inf
5984 inf
5985 0
5986 inf
5987 inf
5988 inf
5989 inf
5990 0
5991 0
5992 inf
5993 inf
5994 inf
5995 inf
5996 inf
5997 0
5998 0
5999 0
6000 0
6001 inf
6002 inf
6003 0
6004 0
6005 inf
6006 inf
6007 inf
6008 inf
6009 inf
6010 0
6011 0
6012 0
6013 0
6014 0
6015 0
6016 0
6017 inf
6018 0
6019 inf
6020 inf
6021 0
6022 0
6023 0
6024 0
6025 0
6026 inf
6027 0
6028 0
6029 0
6030 0
6031 inf
6032 inf
6033 0
6034 0
6035 0
6036 0
6037 0
6038 inf
6039 0
6040 0
6041 0
6042 inf
6043 0
6044 0
6045 0
6046 inf
6047 0
6048 0
6049 inf
6050 0
6051 inf
6052 0
6053 inf
6054 inf
6055 0
6056 inf
6057 0
6058 0
6059 inf
6060 0
6061 inf
6062 inf
6063 0
6064 0
6065 0
6066 0
6067 inf
6068 0
6069 0
6070 inf
6071 0
6072 0
6073 inf
6074 0
6075 inf
6076 0
6077 inf
6078 inf
6079 0
6080 inf
6081 0
6082 inf
6083 inf
6084 0
6085 inf
6086 0
6087 inf
6088 0
6089 0
6090 0
6091 0
6092 0
6093 0
6094 inf
6095 0
6096 0
6097 0
6098 0
6099 0
6100 0
6101 0
6102 inf
6103 inf
6104 inf
6105 inf
6106 inf
6107 0
6108 0
6109 inf
6110 inf
6111 inf
6112 0
6113 0
6114 0
6115 0
6116 0
6117 inf
6118 0
6119 inf
6120 inf
6121 0
6122 inf
6123 inf
6124 0
6125 inf
6126 inf
6127 inf
6128 0
6129 0
6130 inf
6131 inf
6132 0
6133 0
6134 inf
6135 inf
6136 0
6137 inf
6138 inf
6139 0
6140 0
6141 inf
6142 0
6143 inf
6144 0
6145 inf
6146 0
6147 0
6148 inf
6149 inf
6150 inf
6151 inf
6152 0
6153 0
6154 0
6155 0
6156 0
6157 0
6158 0
6159 0
6160 0
6161 0
6162 0
6163 inf
6164 0
6165 inf
6166 0
6167 inf
6168 0
6169 inf
6170 inf
6171 inf
6172 inf
6173 inf
6174 inf
6175 inf
6176 0
6177 inf
6178 0
6179 inf
6180 inf
6181 inf
6182 0
6183 0
6184 inf
6185 0
6186 inf
6187 inf
6188 0
6189 0
6190 inf
6191 0
6192 0
6193 inf
6194 0
6195 0
6196 inf
6197 0
6198 inf
6199 0
6200 0
6201 0
6202 0
6203 inf
6204 inf
6205 inf
6206 inf
6207 0
6208 0
6209 inf
6210 inf
6211 0
6212 0
6213 inf
6214 inf
6215 inf
6216 inf
6217 inf
6218 inf
6219 0
6220 0
6221 inf
6222 inf
6223 inf
6224 0
6225 0
6226 0
6227 inf
6228 inf
6229 0
6230 inf
6231 inf
6232 0
6233 0
6234 0
6235 inf
6236 inf
6237 0
6238 0
6239 inf
6240 inf
6241 0
6242 inf
6243 inf
6244 0
6245 inf
6246 inf
6247 inf
6248 inf
6249 inf
6250 0
6251 0
6252 inf
6253 0
6254 inf
6255 inf
6256 inf
6257 inf
6258 0
6259 0
6260 inf
6261 0
6262 0
6263 inf
6264 inf
6265 0
6266 0
6267 inf
6268 inf
6269 inf
6270 inf
6271 0
6272 0
6273 0
6274 0
6275 0
6276 inf
6277 inf
6278 inf
6279 0
6280 inf
6281 inf
6282 inf
6283 inf
6284 inf
6285 0
6286 inf
6287 inf
6288 0
6289 inf
6290 inf
6291 0
6292 inf
6293 0
6294 inf
6295 0
6296 0
6297 inf
6298 inf
6299 0
6300 inf
6301 0
6302 inf
6303 inf
6304 inf
6305 0
6306 inf
6307 0
6308 0
6309 inf
6310 0
6311 0
6312 0
6313 inf
6314 inf
6315 inf
6316 inf
6317 0
6318 0
6319 0
6320 0
6321 0
6322 0
6323 0
6324 0
6325 inf
6326 0
6327 inf
6328 0
6329 inf
6330 0
6331 inf
6332 inf
6333 inf
6334 inf
6335 0
6336 0
6337 inf
6338 inf
6339 inf
6340 0
6341 inf
6342 inf
6343 inf
6344 inf
6345 inf
6346 inf
6347 inf
6348 inf
6349 0
6350 inf
6351 0
6352 0
6353 0
6354 inf
6355 0
6356 0
6357 0
6358 0
6359 0
6360 inf
6361 inf
6362 inf
6363 inf
6364 0
6365 inf
6366 0
6367 inf
6368 inf
6369 0
6370 inf
6371 0
6372 inf
6373 inf
6374 inf
6375 0
6376 inf
6377 0
6378 inf
6379 inf
6380 0
6381 0
6382 inf
6383 0
6384 inf
6385 inf
6386 inf
6387 inf
6388 inf
6389 inf
6390 0
6391 0
6392 inf
6393 0
6394 0
6395 inf
6396 inf
6397 0
6398 inf
6399 inf
6400 inf
6401 inf
6402 0
6403 0
6404 0
6405 inf
6406 inf
6407 inf
6408 0
6409 inf
6410 inf
6411 inf
6412 inf
6413 0
6414 0
6415 inf
6416 0
6417 0
6418 inf
6419 inf
6420 0
6421 0
6422 0
6423 0
6424 inf
6425 inf
6426 inf
6427 0
6428 inf
6429 inf
6430 0
6431 0
6432 inf
6433 0
6434 inf
6435 inf
6436 0
6437 0
6438 0
6439 inf
6440 inf
6441 0
6442 0
6443 0
6444 0
6445 0
6446 inf
6447 inf
6448 inf
6449 0
6450 inf
6451 0
6452 0
6453 inf
6454 0
6455 inf
6456 0
6457 0
6458 inf
6459 0
6460 inf
6461 inf
6462 0
6463 inf
6464 inf
6465 0
6466 0
6467 inf
6468 inf
6469 inf
6470 inf
6471 0
6472 inf
6473 0
6474 inf
6475 0
6476 inf
6477 inf
6478 inf
6479 inf
6480 0
6481 0
6482 0
6483 0
6484 0
6485 0
6486 0
6487 inf
6488 0
6489 0
6490 inf
6491 inf
6492 0
6493 0
6494 0
6495 0
6496 inf
6497 0
6498 inf
6499 inf
6500 inf
6501 0
6502 inf
6503 0
6504 inf
6505 0
6506 inf
6507 0
6508 inf
6509 inf
6510 inf
6511 inf
6512 inf
6513 0
6514 inf
6515 0
6516 inf
6517 inf
6518 inf
6519 0
6520 inf
6521 inf
6522 inf
6523 0
6524 0
6525 0
6526 inf
6527 0
6528 0
6529 inf
6530 inf
6531 inf
6532 0
6533 inf
6534 inf
6535 0
6536 0
6537 inf
6538 0
6539 inf
6540 inf
6541 inf
6542 inf
6543 0
6544 0
6545 0
6546 0
6547 0
6548 inf
6549 inf
6550 0
6551 inf
6552 inf
6553 inf
6554 0
6555 inf
6556 inf
6557 inf
6558 inf
6559 0
6560 0
6561 inf
6562 0
6563 0
6564 0
6565 0
6566 inf
6567 inf
6568 inf
6569 inf
6570 inf
6571 inf
6572 0
6573 inf
6574 inf
6575 0
6576 inf
6577 inf
6578 0
6579 inf
6580 0
6581 0
6582 inf
6583 0
6584 0
6585 inf
6586 inf
6587 inf
6588 0
6589 inf
6590 0
6591 0
6592 inf
6593 0
6594 inf
6595 0
6596 0
6597 0
6598 inf
6599 inf
6600 0
6601 inf
6602 inf
6603 0
6604 inf
6605 inf
6606 inf
6607 inf
6608 0
6609 inf
6610 inf
6611 0
6612 0
6613 inf
6614 0
6615 0
6616 inf
6617 inf
6618 0
6619 0
6620 0
6621 inf
6622 inf
6623 0
6624 0
6625 0
6626 inf
6627 inf
6628 0
6629 inf
6630 inf
6631 0
6632 0
6633 inf
6634 inf
6635 0
6636 0
6637 0
6638 0
6639 0
6640 inf
6641 inf
6642 0
6643 0
6644 inf
6645 0
6646 0
6647 0
6648 0
6649 0
6650 0
6651 inf
6652 inf
6653 inf
6654 0
6655 inf
6656 0
6657 0
6658 0
6659 0
6660 0
6661 inf
6662 0
6663 0
6664 inf
6665 inf
6666 0
6667 inf
6668 0
6669 inf
6670 0
6671 0
6672 inf
6673 inf
6674 inf
6675 0
6676 0
6677 inf
6678 inf
6679 0
6680 0
6681 inf
6682 inf
6683 0
6684 0
6685 inf
6686 0
6687 0
6688 0
6689 0
6690 0
6691 0
6692 0
6693 0
6694 inf
6695 inf
6696 inf
6697 0
6698 0
6699 0
6700 0
6701 0
6702 0
6703 inf
6704 inf
6705 inf
6706 inf
6707 inf
6708 0
6709 inf
6710 inf
6711 0
6712 inf
6713 0
6714 0
6715 inf
6716 0
6717 inf
6718 0
6719 0
6720 inf
6721 0
6722 inf
6723 inf
6724 inf
6725 inf
6726 inf
6727 inf
6728 inf
6729 0
6730 0
6731 0
6732 inf
6733 inf
6734 inf
6735 inf
6736 inf
6737 0
6738 0
6739 0
6740 0
6741 inf
6742 0
6743 0
6744 0
6745 inf
6746 0
6747 inf
6748 0
6749 0
6750 inf
6751 0
6752 0
6753 inf
6754 0
6755 0
6756 0
6757 0
6758 inf
6759 0
6760 inf
6761 0
6762 inf
6763 0
6764 inf
6765 0
6766 inf
6767 0
6768 0
6769 0
6770 0
6771 0
6772 0
6773 0
6774 0
6775 0
6776 inf
6777 0
6778 0
6779 inf
6780 inf
6781 0
6782 0
6783 inf
6784 inf
6785 0
6786 0
6787 0
6788 inf
6789 inf
6790 0
6791 0
6792 inf
6793 inf
6794 0
6795 inf
6796 0
6797 inf
6798 0
6799 inf
6800 inf
6801 inf
6802 inf
6803 0
6804 inf
6805 0
6806 0
6807 0
6808 0
6809 inf
6810 0
6811 0
6812 0
6813 inf
6814 0
6815 inf
6816 0
6817 inf
6818 inf
6819 inf
6820 inf
6821 inf
6822 inf
6823 0
6824 inf
6825 0
6826 inf
6827 0
6828 0
6829 inf
6830 0
6831 inf
6832 0
6833 inf
6834 inf
6835 0
6836 inf
6837 inf
6838 0
6839 inf
6840 inf
6841 0
6842 0
6843 0
6844 0
6845 0
6846 0
6847 0
6848 inf
6849 0
6850 0
6851 0
6852 0
6853 0
6854 0
6855 inf
6856 0
6857 inf
6858 0
6859 0
6860 inf
6861 0
6862 inf
6863 0
6864 0
6865 inf
6866 inf
6867 inf
6868 inf
6869 0
6870 0
6871 0
6872 inf
6873 0
6874 0
6875 0
6876 0
6877 0
6878 inf
6879 inf
6880 0
6881 0
6882 0
6883 inf
6884 0
6885 0
6886 0
6887 inf
6888 0
6889 0
6890 inf
6891 0
6892 inf
6893 0
6894 0
6895 0
6896 inf
6897 inf
6898 inf
6899 inf
6900 inf
6901 0
6902 inf
6903 0
6904 0
6905 0
6906 0
6907 0
6908 inf
6909 0
6910 0
6911 inf
6912 0
6913 0
6914 inf
6915 inf
6916 inf
6917 inf
6918 0
6919 0
6920 inf
6921 0
6922 0
6923 0
6924 inf
6925 0
6926 inf
6927 inf
6928 0
6929 0
6930 0
6931 0
6932 inf
6933 0
6934 inf
6935 0
6936 0
6937 inf
6938 inf
6939 0
6940 0
6941 0
6942 inf
6943 inf
6944 0
6945 inf
6946 0
6947 0
6948 0
6949 0
6950 inf
6951 0
6952 0
6953 0
6954 0
6955 0
6956 0
6957 0
6958 inf
6959 inf
6960 inf
6961 0
6962 0
6963 inf
6964 0
6965 inf
6966 0
6967 inf
6968 inf
6969 inf
6970 0
6971 inf
6972 0
6973 0
6974 0
6975 0
6976 inf
6977 inf
6978 0
6979 0
6980 inf
6981 inf
6982 0
6983 inf
6984 inf
6985 0
6986 inf
6987 0
6988 0
6989 inf
6990 0
6991 0
6992 inf
6993 0
6994 0
6995 inf
6996 inf
6997 inf
6998 inf
6999 0
7000 inf
7001 0
7002 0
7003 inf
7004 0
7005 inf
7006 inf
7007 0
7008 0
7009 inf
7010 inf
7011 0
7012 inf
7013 0
7014 inf
7015 inf
7016 inf
7017 0
7018 inf
7019 inf
7020 0
7021 inf
7022 inf
7023 0
7024 0
7025 0
7026 inf
7027 inf
7028 0
7029 0
7030 inf
7031 0
7032 0
7033 inf
7034 0
7035 inf
7036 inf
7037 0
7038 inf
7039 0
7040 inf
7041 0
7042 0
7043 0
7044 0
7045 0
7046 inf
7047 0
7048 inf
7049 inf
7050 inf
7051 inf
7052 0
7053 0
7054 0
7055 0
7056 0
7057 inf
7058 inf
7059 inf
7060 inf
7061 0
7062 0
7063 inf
7064 0
7065 inf
7066 inf
7067 0
7068 0
7069 inf
7070 inf
7071 0
7072 inf
7073 inf
7074 inf
7075 inf
7076 0
7077 inf
7078 inf
7079 0
7080 inf
7081 0
7082 inf
7083 inf
7084 0
7085 inf
7086 0
7087 inf
7088 0
7089 0
7090 0
7091 0
7092 inf
7093 inf
7094 0
7095 inf
7096 0
7097 inf
7098 inf
7099 0
7100 0
7101 0
7102 0
7103 inf
7104 inf
7105 inf
7106 inf
7107 inf
7108 0
7109 inf
7110 inf
7111 0
7112 inf
7113 0
7114 0
7115 0
7116 0
7117 inf
7118 0
7119 inf
7120 0
7121 inf
7122 inf
7123 0
7124 0
7125 inf
7126 inf
7127 0
7128 inf
7129 inf
7130 inf
7131 inf
7132 inf
7133 0
7134 0
7135 inf
7136 0
7137 inf
7138 0
7139 0
7140 inf
7141 inf
7142 0
7143 inf
7144 inf
7145 0
7146 0
7147 inf
7148 inf
7149 0
7150 inf
7151 inf
7152 inf
7153 inf
7154 inf
7155 0
7156 0
7157 inf
7158 0
7159 inf
7160 0
7161 0
7162 inf
7163 0
7164 0
7165 0
7166 0
7167 inf
7168 inf
7169 0
7170 0
7171 0
7172 inf
7173 inf
7174 0
7175 inf
7176 0
7177 0
7178 0
7179 0
7180 inf
7181 0
7182 inf
7183 inf
7184 0
7185 0
7186 inf
7187 0
7188 inf
7189 0
7190 0
7191 inf
7192 inf
7193 0
7194 inf
7195 inf
7196 inf
7197 inf
7198 0
7199 inf
7200 inf
7201 inf
7202 0
7203 inf
7204 0
7205 0
7206 0
7207 inf
7208 inf
7209 inf
7210 0
7211 inf
7212 0
7213 inf
7214 inf
7215 0
7216 0
7217 0
7218 inf
7219 0
7220 inf
7221 inf
7222 0
7223 0
7224 0
7225 inf
7226 0
7227 0
7228 inf
7229 0
7230 0
7231 0
7232 inf
7233 inf
7234 inf
7235 inf
7236 0
7237 0
7238 inf
7239 0
7240 0
7241 inf
7242 0
7243 0
7244 0
7245 0
7246 inf
7247 0
7248 0
7249 0
7250 inf
7251 inf
7252 inf
7253 0
7254 inf
7255 inf
7256 0
7257 inf
7258 0
7259 inf
7260 0
7261 0
7262 inf
7263 inf
7264 inf
7265 inf
7266 inf
7267 inf
7268 0
7269 0
7270 0
7271 0
7272 inf
7273 inf
7274 inf
7275 inf
7276 0
7277 inf
7278 0
7279 0
7280 0
7281 0
7282 inf
7283 0
7284 0
7285 inf
7286 0
7287 0
7288 inf
7289 0
7290 0
7291 0
7292 0
7293 inf
7294 0
7295 0
7296 inf
7297 0
7298 inf
7299 0
7300 0
7301 0
7302 0
7303 0
7304 inf
7305 inf
7306 inf
7307 inf
7308 0
7309 0
7310 inf
7311 inf
7312 0
7313 0
7314 inf
7315 0
7316 0
7317 inf
7318 inf
7319 0
7320 inf
7321 inf
7322 inf
7323 inf
7324 inf
7325 inf
7326 0
7327 0
7328 0
7329 0
7330 inf
7331 0
7332 inf
7333 inf
7334 inf
7335 0
7336 inf
7337 inf
7338 0
7339 0
7340 0
7341 0
7342 0
7343 0
7344 inf
7345 inf
7346 0
7347 inf
7348 0
7349 inf
7350 inf
7351 inf
7352 inf
7353 inf
7354 0
7355 inf
7356 0
7357 0
7358 inf
7359 0
7360 inf
7361 0
7362 0
7363 inf
7364 0
7365 inf
7366 inf
7367 inf
7368 inf
7369 inf
7370 inf
7371 0
7372 inf
7373 0
7374 0
7375 0
7376 inf
7377 inf
7378 0
7379 0
7380 0
7381 0
7382 inf
7383 inf
7384 inf
7385 inf
7386 inf
7387 0
7388 inf
7389 inf
7390 inf
7391 inf
7392 inf
7393 inf
7394 inf
7395 inf
7396 0
7397 0
7398 inf
7399 inf
7400 0
7401 inf
7402 0
7403 inf
7404 0
7405 0
7406 0
7407 inf
7408 inf
7409 inf
7410 inf
7411 0
7412 inf
7413 inf
7414 0
7415 0
7416 0
7417 0
7418 inf
7419 0
7420 inf
7421 inf
7422 inf
7423 0
7424 0
7425 0
7426 0
7427 0
7428 0
7429 0
7430 0
7431 0
7432 0
7433 0
7434 inf
7435 inf
7436 inf
7437 inf
7438 0
7439 inf
7440 0
7441 inf
7442 0
7443 0
7444 0
7445 0
7446 inf
7447 0
7448 inf
7449 0
7450 inf
7451 inf
7452 0
7453 inf
7454 0
7455 0
7456 inf
7457 0
7458 inf
7459 inf
7460 0
7461 0
7462 0
7463 inf
7464 inf
7465 0
7466 inf
7467 0
7468 inf
7469 inf
7470 inf
7471 inf
7472 0
7473 inf
7474 0
7475 0
7476 0
7477 inf
7478 inf
7479 inf
7480 inf
7481 inf
7482 0
7483 inf
7484 inf
7485 0
7486 inf
7487 0
7488 inf
7489 inf
7490 inf
7491 inf
7492 0
7493 0
7494 0
7495 0
7496 inf
7497 0
7498 inf
7499 0
7500 inf
7501 0
7502 0
7503 0
7504 0
7505 inf
7506 0
7507 0
7508 inf
7509 inf
7510 inf
7511 inf
7512 0
7513 0
7514 0
7515 0
7516 0
7517 0
7518 inf
7519 0
7520 inf
7521 inf
7522 0
7523 inf
7524 inf
7525 inf
7526 0
7527 0
7528 inf
7529 inf
7530 inf
7531 0
7532 0
7533 inf
7534 inf
7535 inf
7536 0
7537 0
7538 0
7539 0
7540 inf
7541 0
7542 0
7543 0
7544 0
7545 0
7546 0
7547 0
7548 inf
7549 0
7550 0
7551 inf
7552 0
7553 0
7554 0
7555 inf
7556 0
7557 inf
7558 0
7559 0
7560 0
7561 0
7562 0
7563 inf
7564 inf
7565 0
7566 0
7567 inf
7568 inf
7569 0
7570 0
7571 inf
7572 0
7573 inf
7574 inf
7575 0
7576 0
7577 inf
7578 0
7579 0
7580 0
7581 inf
7582 0
7583 inf
7584 inf
7585 inf
7586 inf
7587 0
7588 inf
7589 0
7590 inf
7591 0
7592 0
7593 0
7594 0
7595 inf
7596 0
7597 0
7598 0
7599 0
7600 inf
7601 inf
7602 0
7603 inf
7604 0
7605 0
7606 inf
7607 inf
7608 0
7609 inf
7610 0
7611 0
7612 inf
7613 inf
7614 0
7615 0
7616 inf
7617 inf
7618 inf
7619 inf
7620 inf
7621 inf
7622 0
7623 0
7624 inf
7625 inf
7626 inf
7627 inf
7628 inf
7629 0
7630 0
7631 0
7632 inf
7633 inf
7634 inf
7635 0
7636 0
7637 inf
7638 0
7639 inf
7640 inf
7641 0
7642 0
7643 inf
7644 inf
7645 inf
7646 inf
7647 inf
7648 inf
7649 inf
7650 0
7651 inf
7652 inf
7653 0
7654 inf
7655 inf
7656 inf
7657 0
7658 inf
7659 0
7660 0
7661 inf
7662 inf
7663 0
7664 inf
7665 0
7666 inf
7667 inf
7668 inf
7669 inf
7670 inf
7671 0
7672 0
7673 inf
7674 inf
7675 0
7676 inf
7677 0
7678 inf
7679 inf
7680 0
7681 0
7682 0
7683 inf
7684 inf
7685 inf
7686 0
7687 inf
7688 0
7689 inf
7690 inf
7691 0
7692 0
7693 0
7694 0
7695 0
7696 inf
7697 0
7698 inf
7699 inf
7700 0
7701 inf
7702 inf
7703 0
7704 inf
7705 0
7706 inf
7707 inf
7708 inf
7709 inf
7710 inf
7711 0
7712 0
7713 0
7714 0
7715 0
7716 0
7717 inf
7718 inf
7719 0
7720 inf
7721 0
7722 0
7723 inf
7724 0
7725 inf
7726 inf
7727 inf
7728 0
7729 0
7730 0
7731 0
7732 inf
7733 inf
7734 inf
7735 inf
7736 inf
7737 0
7738 0
7739 inf
7740 inf
7741 0
7742 0
7743 inf
7744 inf
7745 0
7746 0
7747 0
7748 inf
7749 inf
7750 inf
7751 inf
7752 inf
7753 0
7754 0
7755 inf
7756 0
7757 inf
7758 0
7759 0
7760 inf
7761 0
7762 0
7763 0
7764 0
7765 0
7766 inf
7767 inf
7768 0
7769 0
7770 inf
7771 inf
7772 0
7773 0
7774 inf
7775 inf
7776 0
7777 0
7778 0
7779 0
7780 inf
7781 inf
7782 inf
7783 inf
7784 inf
7785 inf
7786 inf
7787 0
7788 inf
7789 inf
7790 inf
7791 inf
7792 0
7793 inf
7794 inf
7795 inf
7796 0
7797 inf
7798 inf
7799 inf
7800 inf
7801 inf
7802 inf
7803 0
7804 0
7805 inf
7806 0
7807 0
7808 0
7809 inf
7810 inf
7811 0
7812 0
7813 0
7814 0
7815 inf
7816 0
7817 inf
7818 0
7819 inf
7820 0
7821 inf
7822 0
7823 0
7824 inf
7825 0
7826 0
7827 inf
7828 0
7829 0
7830 inf
7831 inf
7832 inf
7833 inf
7834 inf
7835 inf
7836 inf
7837 0
7838 0
7839 inf
7840 0
7841 inf
7842 inf
7843 0
7844 inf
7845 0
7846 0
7847 0
7848 0
7849 0
7850 0
7851 0
7852 inf
7853 0
7854 0
7855 0
7856 0
7857 inf
7858 inf
7859 inf
7860 inf
7861 0
7862 0
7863 inf
7864 0
7865 inf
7866 inf
7867 0
7868 0
7869 inf
7870 0
7871 inf
7872 inf
7873 0
7874 0
7875 0
7876 0
7877 inf
7878 inf
7879 0
7880 0
7881 0
7882 0
7883 inf
7884 inf
7885 0
7886 0
7887 0
7888 0
7889 inf
7890 0
7891 inf
7892 0
7893 0
7894 0
7895 inf
7896 inf
7897 inf
7898 0
7899 inf
7900 0
7901 0
7902 inf
7903 0
7904 inf
7905 inf
7906 inf
7907 inf
7908 0
7909 0
7910 inf
7911 inf
7912 0
7913 0
7914 inf
7915 0
7916 inf
7917 inf
7918 0
7919 inf
7920 inf
7921 inf
7922 inf
7923 0
7924 0
7925 0
7926 inf
7927 0
7928 inf
7929 0
7930 inf
7931 0
7932 0
7933 0
7934 inf
7935 0
7936 0
7937 0
7938 0
7939 inf
7940 inf
7941 inf
7942 0
7943 inf
7944 0
7945 inf
7946 inf
7947 inf
7948 0
7949 0
7950 inf
7951 inf
7952 inf
7953 0
7954 0
7955 0
7956 0
7957 inf
7958 0
7959 inf
7960 0
7961 0
7962 0
7963 inf
7964 0
7965 inf
7966 0
7967 inf
7968 0
7969 0
7970 inf
7971 0
7972 0
7973 0
7974 0
7975 0
7976 0
7977 inf
7978 inf
7979 0
7980 inf
7981 0
7982 inf
7983 0
7984 0
7985 0
7986 inf
7987 inf
7988 0
7989 0
7990 0
7991 inf
7992 inf
7993 0
7994 inf
7995 0
7996 0
7997 inf
7998 inf
7999 0
8000 0
8001 0
8002 0
8003 0
8004 0
8005 inf
8006 inf
8007 inf
8008 inf
8009 inf
8010 inf
8011 0
8012 0
8013 inf
8014 0
8015 0
8016 inf
8017 inf
8018 inf
8019 0
8020 inf
8021 inf
8022 inf
8023 inf
8024 inf
8025 0
8026 0
8027 0
8028 0
8029 0
8030 inf
8031 0
8032 0
8033 inf
8034 0
8035 0
8036 0
8037 inf
8038 inf
8039 0
8040 0
8041 0
8042 0
8043 0
8044 inf
8045 0
8046 inf
8047 0
8048 0
8049 inf
8050 inf
8051 inf
8052 0
8053 inf
8054 inf
8055 inf
8056 0
8057 inf
8058 0
8059 inf
8060 0
8061 0
8062 0
8063 inf
8064 inf
8065 0
8066 0
8067 inf
8068 inf
8069 inf
8070 inf
8071 inf
8072 0
8073 0
8074 0
8075 inf
8076 0
8077 0
8078 0
8079 inf
8080 0
8081 inf
8082 inf
8083 inf
8084 inf
8085 inf
8086 0
8087 inf
8088 0
8089 inf
8090 inf
8091 0
8092 inf
8093 inf
8094 inf
8095 0
8096 inf
8097 0
8098 inf
8099 0
8100 0
8101 inf
8102 inf
8103 0
8104 0
8105 0
8106 inf
8107 0
8108 0
8109 0
8110 0
8111 inf
8112 0
8113 inf
8114 inf
8115 inf
8116 inf
8117 inf
8118 0
8119 0
8120 inf
8121 inf
8122 0
8123 inf
8124 0
8125 inf
8126 0
8127 inf
8128 inf
8129 inf
8130 inf
8131 inf
8132 0
8133 inf
8134 0
8135 inf
8136 inf
8137 0
8138 0
8139 inf
8140 inf
8141 inf
8142 0
8143 inf
8144 0
8145 inf
8146 0
8147 inf
8148 0
8149 0
8150 0
8151 0
8152 inf
8153 inf
8154 inf
8155 0
8156 0
8157 0
8158 inf
8159 inf
8160 inf
8161 inf
8162 inf
8163 inf
8164 0
8165 0
8166 inf
8167 inf
8168 0
8169 inf
8170 0
8171 0
8172 inf
8173 inf
8174 0
8175 inf
8176 0
8177 inf
8178 inf
8179 0
8180 inf
8181 0
8182 0
8183 0
8184 0
8185 inf
8186 inf
8187 inf
8188 0
8189 0
8190 inf
8191 0
8192 inf
8193 inf
8194 0
8195 inf
8196 0
8197 0
8198 inf
8199 inf
8200 0
8201 inf
8202 inf
8203 0
8204 0
8205 0
8206 inf
8207 0
8208 0
8209 0
8210 0
8211 inf
8212 inf
8213 0
8214 0
8215 0
8216 0
8217 inf
8218 inf
8219 inf
8220 inf
8221 inf
8222 0
8223 inf
8224 0
8225 inf
8226 0
8227 0
8228 0
8229 0
8230 inf
8231 inf
8232 0
8233 inf
8234 0
8235 0
8236 0
8237 0
8238 0
8239 inf
8240 inf
8241 inf
8242 inf
8243 inf
8244 0
8245 0
8246 inf
8247 inf
8248 0
8249 0
8250 0
8251 inf
8252 0
8253 inf
8254 0
8255 0
8256 inf
8257 0
8258 0
8259 inf
8260 inf
8261 0
8262 inf
8263 inf
8264 inf
8265 inf
8266 0
8267 inf
8268 inf
8269 inf
8270 0
8271 inf
8272 inf
8273 inf
8274 inf
8275 inf
8276 0
8277 inf
8278 inf
8279 inf
8280 inf
8281 inf
8282 0
8283 0
8284 inf
8285 inf
8286 inf
8287 0
8288 0
8289 inf
8290 0
8291 0
8292 0
8293 inf
8294 inf
8295 0
8296 0
8297 0
8298 0
8299 inf
8300 inf
8301 inf
8302 0
8303 inf
8304 inf
8305 inf
8306 0
8307 0
8308 0
8309 inf
8310 inf
8311 0
8312 inf
8313 0
8314 0
8315 inf
8316 inf
8317 0
8318 0
8319 0
8320 inf
8321 inf
8322 inf
8323 0
8324 0
8325 inf
8326 inf
8327 0
8328 0
8329 inf
8330 inf
8331 inf
8332 inf
8333 inf
8334 0
8335 0
8336 inf
8337 inf
8338 0
8339 inf
8340 0
8341 inf
8342 inf
8343 0
8344 0
8345 inf
8346 0
8347 inf
8348 inf
8349 inf
8350 inf
8351 inf
8352 inf
8353 inf
8354 inf
8355 0
8356 0
8357 inf
8358 inf
8359 inf
8360 inf
8361 inf
8362 inf
8363 inf
8364 0
8365 0
8366 0
8367 0
8368 inf
8369 inf
8370 inf
8371 inf
8372 0
8373 0
8374 0
8375 inf
8376 inf
8377 0
8378 0
8379 0
8380 inf
8381 0
8382 inf
8383 inf
8384 0
8385 inf
8386 inf
8387 inf
8388 inf
8389 inf
8390 inf
8391 inf
8392 inf
8393 0
8394 inf
8395 inf
8396 inf
8397 inf
8398 inf
8399 0
8400 0
8401 inf
8402 0
8403 inf
8404 inf
8405 inf
8406 0
8407 inf
8408 0
8409 0
8410 0
8411 inf
8412 0
8413 inf
8414 0
8415 inf
8416 0
8417 inf
8418 0
8419 0
8420 inf
8421 0
8422 inf
8423 0
8424 0
8425 inf
8426 0
8427 0
8428 inf
8429 0
8430 0
8431 inf
8432 inf
8433 0
8434 0
8435 inf
8436 0
8437 0
8438 0
8439 inf
8440 0
8441 0
8442 inf
8443 inf
8444 0
8445 inf
8446 0
8447 0
8448 inf
8449 inf
8450 inf
8451 0
8452 inf
8453 inf
8454 inf
8455 0
8456 inf
8457 inf
8458 0
8459 inf
8460 0
8461 inf
8462 0
8463 inf
8464 inf
8465 inf
8466 inf
8467 0
8468 0
8469 0
8470 inf
8471 0
8472 0
8473 inf
8474 0
8475 0
8476 0
8477 inf
8478 0
8479 inf
8480 inf
8481 inf
8482 0
8483 inf
8484 0
8485 0
8486 inf
8487 inf
8488 0
8489 inf
8490 0
8491 0
8492 0
8493 inf
8494 0
8495 0
8496 0
8497 inf
8498 inf
8499 0
8500 0
8501 0
8502 inf
8503 0
8504 inf
8505 inf
8506 0
8507 inf
8508 0
8509 inf
8510 inf
8511 0
8512 0
8513 inf
8514 inf
8515 0
8516 0
8517 0
8518 0
8519 inf
8520 inf
8521 0
8522 inf
8523 inf
8524 0
8525 0
8526 inf
8527 inf
8528 0
8529 0
8530 0
8531 0
8532 0
8533 inf
8534 0
8535 0
8536 inf
8537 inf
8538 0
8539 0
8540 inf
8541 inf
8542 0
8543 inf
8544 inf
8545 inf
8546 0
8547 inf
8548 inf
8549 inf
8550 0
8551 0
8552 inf
8553 inf
8554 inf
8555 0
8556 0
8557 0
8558 0
8559 0
8560 0
8561 inf
8562 0
8563 0
8564 0
8565 0
8566 0
8567 0
8568 inf
8569 inf
8570 inf
8571 inf
8572 inf
8573 inf
8574 0
8575 0
8576 inf
8577 inf
8578 inf
8579 inf
8580 0
8581 inf
8582 inf
8583 inf
8584 0
8585 inf
8586 inf
8587 inf
8588 0
8589 0
8590 inf
8591 inf
8592 0
8593 inf
8594 0
8595 inf
8596 inf
8597 0
8598 0
8599 0
8600 inf
8601 inf
8602 0
8603 inf
8604 inf
8605 inf
8606 inf
8607 0
8608 0
8609 0
8610 0
8611 inf
8612 inf
8613 inf
8614 inf
8615 inf
8616 inf
8617 inf
8618 0
8619 inf
8620 inf
8621 0
8622 inf
8623 0
8624 inf
8625 0
8626 inf
8627 inf
8628 0
8629 inf
8630 0
8631 0
8632 inf
8633 0
8634 inf
8635 0
8636 0
8637 inf
8638 inf
8639 inf
8640 0
8641 0
8642 inf
8643 inf
8644 inf
8645 0
8646 inf
8647 0
8648 0
8649 inf
8650 0
8651 inf
8652 inf
8653 inf
8654 inf
8655 inf
8656 inf
8657 inf
8658 inf
8659 inf
8660 inf
8661 0
8662 inf
8663 0
8664 0
8665 0
8666 0
8667 0
8668 inf
8669 inf
8670 inf
8671 inf
8672 inf
8673 0
8674 0
8675 0
8676 0
8677 inf
8678 inf
8679 0
8680 0
8681 0
8682 inf
8683 inf
8684 0
8685 0
8686 0
8687 0
8688 inf
8689 0
8690 inf
8691 0
8692 0
8693 inf
8694 inf
8695 inf
8696 0
8697 0
8698 inf
8699 inf
8700 0
8701 inf
8702 inf
8703 inf
8704 inf
8705 0
8706 inf
8707 0
8708 0
8709 0
8710 inf
8711 inf
8712 inf
8713 0
8714 0
8715 0
8716 0
8717 inf
8718 inf
8719 0
8720 0
8721 0
8722 0
8723 inf
8724 inf
8725 inf
8726 0
8727 inf
8728 inf
8729 inf
8730 inf
8731 0
8732 0
8733 inf
8734 inf
8735 0
8736 inf
8737 0
8738 inf
8739 inf
8740 0
8741 0
8742 0
8743 inf
8744 0
8745 inf
8746 0
8747 0
8748 0
8749 inf
8750 inf
8751 inf
8752 0
8753 inf
8754 inf
8755 inf
8756 inf
8757 0
8758 inf
8759 inf
8760 inf
8761 0
8762 inf
8763 0
8764 inf
8765 inf
8766 0
8767 inf
8768 inf
8769 inf
8770 0
8771 inf
8772 0
8773 inf
8774 0
8775 inf
8776 0
8777 inf
8778 inf
8779 0
8780 inf
8781 0
8782 inf
8783 inf
8784 0
8785 0
8786 0
8787 inf
8788 inf
8789 0
8790 0
8791 0
8792 inf
8793 0
8794 inf
8795 inf
8796 0
8797 0
8798 inf
8799 0
8800 0
8801 inf
8802 inf
8803 0
8804 0
8805 0
8806 0
8807 0
8808 inf
8809 0
8810 0
8811 inf
8812 0
8813 inf
8814 inf
8815 0
8816 inf
8817 0
8818 0
8819 0
8820 0
8821 0
8822 0
8823 inf
8824 0
8825 0
8826 0
8827 0
8828 0
8829 0
8830 inf
8831 inf
8832 0
8833 inf
8834 inf
8835 inf
8836 0
8837 inf
8838 0
8839 0
8840 inf
8841 0
8842 inf
8843 0
8844 inf
8845 inf
8846 inf
8847 0
8848 inf
8849 inf
8850 0
8851 inf
8852 inf
8853 inf
8854 0
8855 0
8856 0
8857 inf
8858 0
8859 inf
8860 inf
8861 0
8862 0
8863 0
8864 0
8865 0
8866 0
8867 0
8868 0
8869 0
8870 0
8871 inf
8872 inf
8873 0
8874 inf
8875 0
8876 0
8877 inf
8878 inf
8879 inf
8880 0
8881 inf
8882 inf
8883 0
8884 inf
8885 0
8886 inf
8887 inf
8888 inf
8889 inf
8890 0
8891 inf
8892 inf
8893 inf
8894 inf
8895 inf
8896 0
8897 0
8898 inf
8899 inf
8900 inf
8901 0
8902 0
8903 0
8904 inf
8905 0
8906 inf
8907 inf
8908 0
8909 inf
8910 inf
8911 0
8912 0
8913 0
8914 inf
8915 0
8916 inf
8917 0
8918 0
8919 0
8920 inf
8921 0
8922 inf
8923 0
8924 inf
8925 0
8926 0
8927 0
8928 inf
8929 inf
8930 inf
8931 inf
8932 inf
8933 inf
8934 0
8935 inf
8936 inf
8937 inf
8938 inf
8939 inf
8940 0
8941 inf
8942 0
8943 inf
8944 0
8945 inf
8946 inf
8947 inf
8948 inf
8949 inf
8950 0
8951 0
8952 0
8953 inf
8954 inf
8955 0
8956 0
8957 inf
8958 0
8959 inf
8960 inf
8961 0
8962 inf
8963 inf
8964 0
8965 inf
8966 0
8967 inf
8968 inf
8969 0
8970 0
8971 inf
8972 inf
8973 inf
8974 0
8975 0
8976 0
8977 inf
8978 inf
8979 0
8980 0
8981 inf
8982 inf
8983 0
8984 inf
8985 inf
8986 inf
8987 0
8988 0
8989 0
8990 inf
8991 inf
8992 inf
8993 0
8994 0
8995 0
8996 0
8997 inf
8998 inf
8999 0
9000 inf
9001 0
9002 0
9003 0
9004 inf
9005 0
9006 0
9007 0
9008 inf
9009 inf
9010 inf
9011 0
9012 inf
9013 inf
9014 0
9015 inf
9016 0
9017 inf
9018 0
9019 inf
9020 inf
9021 inf
9022 0
9023 inf
9024 inf
9025 inf
9026 inf
9027 0
9028 inf
9029 0
9030 inf
9031 0
9032 0
9033 0
9034 0
9035 0
9036 0
9037 0
9038 0
9039 inf
9040 inf
9041 0
9042 0
9043 inf
9044 inf
9045 inf
9046 inf
9047 0
9048 inf
9049 inf
9050 inf
9051 0
9052 inf
9053 inf
9054 inf
9055 0
9056 0
9057 inf
9058 0
9059 inf
9060 inf
9061 inf
9062 0
9063 inf
9064 inf
9065 0
9066 inf
9067 0
9068 0
9069 0
9070 inf
9071 inf
9072 inf
9073 0
9074 inf
9075 inf
9076 inf
9077 0
9078 inf
9079 0
9080 0
9081 inf
9082 0
9083 inf
9084 inf
9085 0
9086 0
9087 0
9088 inf
9089 inf
9090 inf
9091 inf
9092 0
9093 0
9094 inf
9095 0
9096 0
9097 0
9098 0
9099 0
9100 0
9101 inf
9102 0
9103 inf
9104 inf
9105 inf
9106 0
9107 inf
9108 inf
9109 0
9110 0
9111 0
9112 0
9113 0
9114 inf
9115 0
9116 inf
9117 inf
9118 0
9119 inf
9120 0
9121 0
9122 0
9123 inf
9124 0
9125 inf
9126 inf
9127 0
9128 0
9129 inf
9130 0
9131 0
9132 0
9133 inf
9134 0
9135 0
9136 0
9137 0
9138 inf
9139 inf
9140 inf
9141 0
9142 0
9143 0
9144 0
9145 0
9146 inf
9147 inf
9148 0
9149 0
9150 inf
9151 0
9152 0
9153 inf
9154 0
9155 inf
9156 inf
9157 0
9158 0
9159 0
9160 inf
9161 inf
9162 inf
9163 0
9164 inf
9165 inf
9166 0
9167 0
9168 0
9169 0
9170 0
9171 inf
9172 inf
9173 inf
9174 0
9175 inf
9176 0
9177 0
9178 0
9179 inf
9180 inf
9181 0
9182 inf
9183 inf
9184 0
9185 0
9186 0
9187 inf
9188 0
9189 0
9190 inf
9191 0
9192 0
9193 inf
9194 0
9195 0
9196 inf
9197 0
9198 inf
9199 inf
9200 inf
9201 inf
9202 0
9203 inf
9204 inf
9205 inf
9206 0
9207 inf
9208 0
9209 inf
9210 inf
9211 inf
9212 0
9213 0
9214 inf
9215 inf
9216 inf
9217 0
9218 0
9219 0
9220 inf
9221 inf
9222 0
9223 inf
9224 inf
9225 inf
9226 0
9227 inf
9228 0
9229 0
9230 inf
9231 inf
9232 inf
9233 0
9234 inf
9235 inf
9236 inf
9237 0
9238 inf
9239 inf
9240 inf
9241 0
9242 inf
9243 0
9244 0
9245 0
9246 0
9247 inf
9248 0
9249 inf
9250 0
9251 0
9252 inf
9253 0
9254 inf
9255 inf
9256 inf
9257 0
9258 inf
9259 0
9260 0
9261 inf
9262 inf
9263 0
9264 inf
9265 0
9266 inf
9267 inf
9268 0
9269 0
9270 0
9271 0
9272 0
9273 inf
9274 inf
9275 inf
9276 inf
9277 0
9278 0
9279 0
9280 inf
9281 inf
9282 0
9283 0
9284 0
9285 inf
9286 0
9287 0
9288 inf
9289 inf
9290 inf
9291 inf
9292 0
9293 inf
9294 0
9295 inf
9296 inf
9297 0
9298 0
9299 0
9300 inf
9301 0
9302 0
9303 inf
9304 inf
9305 inf
9306 inf
9307 0
9308 inf
9309 0
9310 0
9311 inf
9312 0
9313 inf
9314 inf
9315 inf
9316 inf
9317 inf
9318 0
9319 0
9320 0
9321 0
9322 0
9323 inf
9324 0
9325 0
9326 inf
9327 inf
9328 0
9329 inf
9330 inf
9331 inf
9332 inf
9333 0
9334 inf
9335 inf
9336 inf
9337 0
9338 0
9339 0
9340 0
9341 0
9342 inf
9343 inf
9344 0
9345 inf
9346 inf
9347 0
9348 0
9349 0
9350 inf
9351 inf
9352 0
9353 0
9354 0
9355 inf
9356 0
9357 inf
9358 0
9359 0
9360 inf
9361 inf
9362 0
9363 0
9364 0
9365 0
9366 0
9367 inf
9368 0
9369 0
9370 inf
9371 0
9372 0
9373 inf
9374 0
9375 inf
9376 inf
9377 0
9378 0
9379 0
9380 0
9381 0
9382 0
9383 inf
9384 inf
9385 0
9386 0
9387 0
9388 inf
9389 0
9390 inf
9391 inf
9392 inf
9393 inf
9394 inf
9395 0
9396 0
9397 inf
9398 inf
9399 0
9400 0
9401 inf
9402 inf
9403 inf
9404 inf
9405 inf
9406 inf
9407 0
9408 0
9409 inf
9410 inf
9411 inf
9412 0
9413 inf
9414 0
9415 inf
9416 0
9417 inf
9418 0
9419 0
9420 inf
9421 0
9422 inf
9423 0
9424 0
9425 0
9426 0
9427 inf
9428 inf
9429 0
9430 inf
9431 0
9432 0
9433 inf
9434 inf
9435 inf
9436 0
9437 0
9438 0
9439 inf
9440 0
9441 0
9442 0
9443 0
9444 0
9445 inf
9446 inf
9447 inf
9448 inf
9449 inf
9450 inf
9451 0
9452 0
9453 inf
9454 inf
9455 0
9456 0
9457 0
9458 0
9459 0
9460 0
9461 0
9462 0
9463 0
9464 0
9465 0
9466 inf
9467 0
9468 0
9469 inf
9470 inf
9471 0
9472 0
9473 inf
9474 inf
9475 inf
9476 inf
9477 inf
9478 inf
9479 inf
9480 inf
9481 inf
9482 0
9483 0
9484 inf
9485 0
9486 inf
9487 inf
9488 inf
9489 0
9490 inf
9491 inf
9492 0
9493 inf
9494 inf
9495 inf
9496 0
9497 0
9498 0
9499 inf
9500 inf
9501 inf
9502 inf
9503 0
9504 inf
9505 inf
9506 0
9507 0
9508 0
9509 0
9510 inf
9511 0
9512 0
9513 inf
9514 0
9515 0
9516 inf
9517 inf
9518 inf
9519 inf
9520 0
9521 0
9522 0
9523 inf
9524 0
9525 0
9526 inf
9527 0
9528 inf
9529 inf
9530 inf
9531 0
9532 inf
9533 inf
9534 inf
9535 inf
9536 inf
9537 inf
9538 0
9539 0
9540 0
9541 0
9542 0
9543 inf
9544 0
9545 inf
9546 0
9547 inf
9548 0
9549 0
9550 inf
9551 inf
9552 0
9553 0
9554 0
9555 inf
9556 inf
9557 0
9558 inf
9559 0
9560 inf
9561 0
9562 0
9563 inf
9564 inf
9565 inf
9566 0
9567 inf
9568 0
9569 0
9570 0
9571 inf
9572 0
9573 0
9574 0
9575 0
9576 inf
9577 inf
9578 inf
9579 0
9580 0
9581 inf
9582 inf
9583 0
9584 inf
9585 0
9586 0
9587 inf
9588 inf
9589 inf
9590 inf
9591 0
9592 0
9593 inf
9594 0
9595 inf
9596 0
9597 inf
9598 0
9599 inf
9600 inf
9601 0
9602 0
9603 0
9604 inf
9605 inf
9606 0
9607 inf
9608 inf
9609 0
9610 inf
9611 0
9612 inf
9613 0
9614 inf
9615 0
9616 inf
9617 0
9618 0
9619 0
9620 inf
9621 0
9622 0
9623 inf
9624 0
9625 inf
9626 inf
9627 0
9628 inf
9629 inf
9630 inf
9631 inf
9632 0
9633 0
9634 0
9635 inf
9636 0
9637 inf
9638 inf
9639 inf
9640 0
9641 inf
9642 inf
9643 inf
9644 inf
9645 inf
9646 inf
9647 inf
9648 0
9649 0
9650 0
9651 inf
9652 0
9653 0
9654 0
9655 inf
9656 0
9657 0
9658 inf
9659 0
9660 0
9661 0
9662 inf
9663 0
9664 0
9665 0
9666 inf
9667 inf
9668 0
9669 0
9670 0
9671 0
9672 inf
9673 0
9674 inf
9675 inf
9676 0
9677 inf
9678 inf
9679 0
9680 0
9681 inf
9682 0
9683 0
9684 inf
9685 0
9686 inf
9687 inf
9688 inf
9689 inf
9690 inf
9691 0
9692 0
9693 0
9694 inf
9695 inf
9696 inf
9697 inf
9698 0
9699 inf
9700 inf
9701 0
9702 0
9703 inf
9704 0
9705 0
9706 0
9707 0
9708 inf
9709 inf
9710 inf
9711 inf
9712 0
9713 0
9714 inf
9715 inf
9716 0
9717 inf
9718 inf
9719 0
9720 0
9721 inf
9722 inf
9723 0
9724 0
9725 0
9726 inf
9727 inf
9728 inf
9729 0
9730 0
9731 inf
9732 inf
9733 0
9734 inf
9735 0
9736 0
9737 inf
9738 inf
9739 0
9740 inf
9741 0
9742 inf
9743 0
9744 0
9745 inf
9746 inf
9747 0
9748 0
9749 0
9750 0
9751 inf
9752 inf
9753 inf
9754 0
9755 inf
9756 0
9757 0
9758 0
9759 0
9760 0
9761 inf
9762 inf
9763 inf
9764 0
9765 0
9766 0
9767 0
9768 0
9769 inf
9770 inf
9771 inf
9772 inf
9773 0
9774 0
9775 0
9776 0
9777 inf
9778 inf
9779 inf
9780 inf
9781 0
9782 inf
9783 0
9784 inf
9785 0
9786 0
9787 inf
9788 0
9789 inf
9790 0
9791 0
9792 0
9793 0
9794 inf
9795 inf
9796 0
9797 inf
9798 0
9799 inf
9800 0
9801 inf
9802 0
9803 inf
9804 inf
9805 inf
9806 0
9807 inf
9808 inf
9809 inf
9810 inf
9811 0
9812 0
9813 inf
9814 inf
9815 0
9816 inf
9817 0
9818 inf
9819 0
9820 0
9821 inf
9822 inf
9823 0
9824 0
9825 inf
9826 0
9827 0
9828 inf
9829 0
9830 0
9831 inf
9832 inf
9833 0
9834 inf
9835 0
9836 inf
9837 0
9838 0
9839 0
9840 0
9841 inf
9842 inf
9843 inf
9844 inf
9845 0
9846 inf
9847 inf
9848 0
9849 inf
9850 0
9851 inf
9852 0
9853 0
9854 0
9855 0
9856 inf
9857 inf
9858 0
9859 0
9860 inf
9861 inf
9862 0
9863 inf
9864 0
9865 0
9866 inf
9867 inf
9868 0
9869 0
9870 inf
9871 inf
9872 0
9873 0
9874 inf
9875 inf
9876 0
9877 0
9878 inf
9879 inf
9880 inf
9881 0
9882 inf
9883 0
9884 0
9885 inf
9886 0
9887 0
9888 0
9889 inf
9890 0
9891 0
9892 0
9893 0
9894 inf
9895 0
9896 0
9897 inf
9898 0
9899 inf
9900 inf
9901 0
9902 0
9903 inf
9904 0
9905 0
9906 0
9907 inf
9908 0
9909 inf
9910 0
9911 0
9912 inf
9913 inf
9914 inf
9915 inf
9916 0
9917 inf
9918 inf
9919 0
9920 0
9921 0
9922 0
9923 inf
9924 inf
9925 inf
9926 inf
9927 inf
9928 inf
9929 inf
9930 0
9931 inf
9932 inf
9933 inf
9934 inf
9935 inf
9936 inf
9937 0
9938 inf
9939 0
9940 0
9941 0
9942 inf
9943 0
9944 inf
9945 inf
9946 inf
9947 0
9948 inf
9949 inf
9950 inf
9951 inf
9952 inf
9953 inf
9954 inf
9955 0
9956 0
9957 inf
9958 0
9959 inf
9960 0
9961 0
9962 inf
9963 inf
9964 0
9965 0
9966 0
9967 0
9968 inf
9969 inf
9970 inf
9971 inf
9972 0
9973 inf
9974 0
9975 0
9976 inf
9977 0
9978 inf
9979 0
9980 inf
9981 inf
9982 inf
9983 0
9984 inf
9985 inf
9986 inf
9987 inf
9988 inf
9989 inf
9990 0
9991 inf
9992 inf
9993 0
9994 inf
9995 0
9996 inf
9997 0
9998 inf
9999 inf
