1  inf
2  inf
3  inf
4  inf
5  inf
6  inf
7  inf
8  inf
9  inf
10  inf
11  inf
12  inf
13  inf
14  inf
15  inf
16  inf
17  inf
18  inf
19  inf
20  inf
21  inf
22  inf
23  inf
24  inf
25  inf
26  inf
27  inf
28  inf
29  inf
30  inf
31  inf
32  inf
33  inf
34  inf
35  inf
36  0
37  0
38  0
39  0
40  0
41  0
42  0
43  0
44  0
45  0
46  0
47  0
48  0
49  0
50  0
51  0
52  0
53  0
54  0
55  0
56  0
57  0
58  0
59  0
60  0
61  0
62  0
63  0
64  0
65  0
66  0
67  0
68  0
69  0
70  0
71  0
72  0
73  0
74  0
75  0
76  0
77  0
78  0
79  0
80  0
81  0
82  0
83  0
84  0
85  0
86  0
87  0
88  0
89  0
90  0
91  0
92  0
93  inf
94  inf
95  inf
96  inf
97  inf
98  inf
99  inf
100  inf
101  inf
102  inf
103  inf
104  inf
105  inf
106  inf
107  inf
108  inf
109  inf
110  inf
111  inf
112  inf
113  inf
114  inf
115  inf
116  inf
117  inf
118  inf
119  inf
120  inf
121  inf
122  inf
123  inf
124  inf
125  inf
126  inf
127  inf
128  inf
129  inf
130  inf
131  inf
132  inf
133  inf
134  0
135  0
136  0
137  0
138  0
139  0
140  0
141  0
142  0
143  0
144  0
145  0
146  0
147  0
148  0
149  0
150  0
151  0
152  0
153  0
154  0
155  0
156  0
157  0
158  0
159  0
160  inf
161  inf
162  inf
163  inf
164  inf
165  inf
166  inf
167  inf
168  inf
169  inf
170  inf
171  inf
172  inf
173  inf
174  inf
175  inf
176  inf
177  inf
178  inf
179  inf
180  inf
181  inf
182  inf
183  inf
184  inf
185  inf
186  inf
187  inf
188  inf
189  inf
190  inf
191  inf
192  inf
193  inf
194  inf
195  inf
196  inf
197  inf
198  inf
199  inf
200  inf
201  inf
202  inf
203  inf
204  inf
205  inf
206  inf
207  inf
208  inf
209  inf
210  inf
211  inf
212  inf
213  inf
214  inf
215  inf
216  inf
217  inf
218  inf
219  0
220  0
221  0
222  0
223  0
224  0
225  0
226  0
227  0
228  0
229  0
230  0
231  0
232  0
233  0
234  0
235  0
236  0
237  0
238  0
239  0
240  0
241  0
242  0
243  0
244  0
245  0
246  0
247  0
248  0
249  0
250  0
251  0
252  0
253  0
254  0
255  0
256  0
257  0
258  0
259  0
260  0
261  0
262  0
263  0
264  0
265  0
266  0
267  0
268  0
269  0
270  0
271  0
272  0
273  0
274  0
275  0
276  0
277  0
278  0
279  0
280  0
281  0
282  0
283  0
284  0
285  0
286  0
287  0
288  0
289  0
290  0
291  0
292  0
293  0
294  0
295  0
296  0
297  0
298  0
299  0
300  0
301  0
302  0
303  0
304  0
305  0
306  0
307  0
308  0
309  0
310  0
311  0
312  inf
313  inf
314  inf
315  inf
316  inf
317  inf
318  inf
319  inf
320  inf
321  inf
322  inf
323  inf
324  inf
325  inf
326  inf
327  inf
328  inf
329  inf
330  inf
331  inf
332  inf
333  inf
334  inf
335  inf
336  inf
337  inf
338  inf
339  inf
340  inf
341  inf
342  inf
343  inf
344  inf
345  inf
346  inf
347  inf
348  inf
349  inf
350  inf
351  inf
352  inf
353  inf
354  inf
355  inf
356  inf
357  inf
358  inf
359  inf
360  inf
361  inf
362  inf
363  inf
364  inf
365  inf
366  inf
367  inf
368  inf
369  inf
370  inf
371  inf
372  inf
373  inf
374  inf
375  inf
376  0
377  0
378  0
379  0
380  0
381  0
382  0
383  0
384  0
385  0
386  0
387  0
388  0
389  inf
390  inf
391  inf
392  inf
393  inf
394  inf
395  inf
396  inf
397  inf
398  inf
399  inf
400  inf
401  inf
402  inf
403  inf
404  inf
405  inf
406  inf
407  inf
408  inf
409  inf
410  inf
411  inf
412  inf
413  inf
414  inf
415  inf
416  inf
417  inf
418  inf
419  inf
420  inf
421  inf
422  inf
423  inf
424  inf
425  inf
426  inf
427  inf
428  inf
429  inf
430  inf
431  inf
432  inf
433  0
434  0
435  0
436  0
437  0
438  0
439  0
440  0
441  0
442  0
443  0
444  0
445  0
446  0
447  0
448  0
449  0
450  0
451  0
452  0
453  0
454  0
455  0
456  0
457  0
458  0
459  0
460  0
461  0
462  0
463  0
464  0
465  0
466  0
467  0
468  0
469  0
470  0
471  0
472  0
473  0
474  0
475  0
476  0
477  0
478  0
479  0
480  0
481  0
482  0
483  0
484  0
485  inf
486  inf
487  inf
488  inf
489  inf
490  inf
491  inf
492  inf
493  inf
494  inf
495  inf
496  inf
497  inf
498  inf
499  inf
500  inf
501  inf
502  inf
503  inf
504  inf
505  inf
506  inf
507  inf
508  inf
509  inf
510  inf
511  inf
512  inf
513  inf
514  inf
515  inf
516  inf
517  inf
518  inf
519  inf
520  inf
521  inf
522  inf
523  inf
524  inf
525  inf
526  inf
527  inf
528  inf
529  0
530  0
531  0
532  0
533  0
534  0
535  0
536  0
537  0
538  0
539  0
540  0
541  0
542  0
543  0
544  0
545  0
546  0
547  0
548  0
549  0
550  0
551  0
552  0
553  0
554  inf
555  inf
556  inf
557  inf
558  inf
559  inf
560  inf
561  inf
562  inf
563  inf
564  inf
565  inf
566  inf
567  inf
568  inf
569  inf
570  inf
571  inf
572  inf
573  inf
574  inf
575  inf
576  inf
577  inf
578  inf
579  inf
580  inf
581  inf
582  inf
583  inf
584  inf
585  inf
586  inf
587  inf
588  inf
589  inf
590  inf
591  inf
592  inf
593  inf
594  inf
595  inf
596  inf
597  inf
598  inf
599  inf
600  inf
601  inf
602  inf
603  0
604  0
605  0
606  0
607  0
608  0
609  0
610  0
611  0
612  0
613  0
614  0
615  0
616  0
617  0
618  0
619  0
620  0
621  0
622  0
623  0
624  0
625  0
626  0
627  0
628  0
629  0
630  0
631  0
632  0
633  0
634  0
635  0
636  0
637  0
638  0
639  0
640  0
641  0
642  0
643  0
644  0
645  0
646  0
647  0
648  0
649  0
650  0
651  0
652  0
653  0
654  0
655  0
656  0
657  inf
658  inf
659  inf
660  inf
661  inf
662  inf
663  inf
664  inf
665  inf
666  inf
667  inf
668  inf
669  inf
670  inf
671  inf
672  inf
673  inf
674  inf
675  inf
676  inf
677  inf
678  inf
679  inf
680  inf
681  inf
682  inf
683  inf
684  inf
685  inf
686  inf
687  inf
688  inf
689  inf
690  inf
691  inf
692  inf
693  inf
694  inf
695  inf
696  inf
697  inf
698  inf
699  inf
700  inf
701  inf
702  inf
703  inf
704  inf
705  inf
706  inf
707  inf
708  inf
709  inf
710  inf
711  inf
712  inf
713  inf
714  inf
715  inf
716  inf
717  inf
718  inf
719  inf
720  inf
721  inf
722  inf
723  inf
724  inf
725  inf
726  inf
727  inf
728  inf
729  inf
730  inf
731  inf
732  inf
733  inf
734  inf
735  inf
736  inf
737  inf
738  inf
739  inf
740  inf
741  0
742  0
743  0
744  0
745  0
746  0
747  0
748  0
749  0
750  0
751  0
752  0
753  0
754  0
755  0
756  0
757  0
758  0
759  0
760  0
761  0
762  0
763  0
764  0
765  0
766  0
767  0
768  0
769  inf
770  inf
771  inf
772  inf
773  inf
774  inf
775  inf
776  inf
777  inf
778  inf
779  inf
780  inf
781  inf
782  inf
783  inf
784  inf
785  inf
786  inf
787  inf
788  inf
789  inf
790  inf
791  inf
792  inf
793  inf
794  inf
795  inf
796  inf
797  inf
798  inf
799  inf
800  inf
801  inf
802  inf
803  inf
804  inf
805  inf
806  inf
807  inf
808  inf
809  inf
810  inf
811  inf
812  inf
813  inf
814  inf
815  inf
816  inf
817  inf
818  inf
819  inf
820  inf
821  inf
822  0
823  0
824  0
825  0
826  0
827  0
828  0
829  0
830  0
831  0
832  0
833  0
834  0
835  0
836  0
837  0
838  0
839  0
840  0
841  0
842  0
843  0
844  0
845  0
846  0
847  0
848  0
849  0
850  0
851  0
852  0
853  0
854  0
855  0
856  0
857  0
858  0
859  0
860  0
861  0
862  0
863  0
864  0
865  0
866  inf
867  inf
868  inf
869  inf
870  inf
871  inf
872  inf
873  inf
874  inf
875  inf
876  inf
877  inf
878  inf
879  inf
880  inf
881  inf
882  inf
883  inf
884  inf
885  inf
886  inf
887  inf
888  inf
889  inf
890  inf
891  inf
892  inf
893  inf
894  inf
895  inf
896  inf
897  inf
898  inf
899  inf
900  inf
901  inf
902  inf
903  inf
904  inf
905  inf
906  inf
907  inf
908  inf
909  inf
910  inf
911  inf
912  inf
913  inf
914  inf
915  inf
916  inf
917  inf
918  inf
919  0
920  0
921  0
922  0
923  0
924  0
925  0
926  0
927  0
928  0
929  0
930  0
931  0
932  0
933  0
934  0
935  0
936  0
937  0
938  0
939  inf
940  inf
941  inf
942  inf
943  inf
944  inf
945  inf
946  inf
947  inf
948  inf
949  inf
950  inf
951  inf
952  inf
953  inf
954  inf
955  inf
956  inf
957  inf
958  inf
959  inf
960  inf
961  inf
962  inf
963  inf
964  inf
965  inf
966  inf
967  inf
968  inf
969  inf
970  inf
971  inf
972  inf
973  inf
974  inf
975  inf
976  inf
977  inf
978  inf
979  inf
980  inf
981  inf
982  inf
983  inf
984  inf
985  inf
986  inf
987  inf
988  inf
989  inf
990  inf
991  inf
992  inf
993  inf
994  0
995  0
996  0
997  0
998  0
999  0
1000  0
1001  0
1002  0
1003  0
1004  0
1005  0
1006  0
1007  0
1008  0
1009  0
1010  0
1011  0
1012  0
1013  0
1014  0
1015  0
1016  0
1017  0
1018  0
1019  0
1020  0
1021  0
1022  0
1023  0
1024  0
1025  0
1026  0
1027  0
1028  0
1029  0
1030  0
1031  0
1032  0
1033  0
1034  0
1035  0
1036  0
1037  0
1038  0
1039  0
1040  0
1041  0
1042  0
1043  0
1044  0
1045  0
1046  0
1047  0
1048  0
1049  0
1050  0
1051  0
1052  0
1053  0
1054  0
1055  inf
1056  inf
1057  inf
1058  inf
1059  inf
1060  inf
1061  inf
1062  inf
1063  inf
1064  inf
1065  inf
1066  inf
1067  inf
1068  inf
1069  inf
1070  inf
1071  inf
1072  inf
1073  inf
1074  inf
1075  inf
1076  inf
1077  inf
1078  inf
1079  inf
1080  inf
1081  inf
1082  inf
1083  inf
1084  inf
1085  inf
1086  inf
1087  inf
1088  inf
1089  inf
1090  inf
1091  inf
1092  inf
1093  inf
1094  inf
1095  inf
1096  inf
1097  inf
1098  inf
1099  inf
1100  inf
1101  inf
1102  inf
1103  inf
1104  inf
1105  inf
1106  inf
1107  inf
1108  inf
1109  inf
1110  inf
1111  inf
1112  inf
1113  inf
1114  inf
1115  inf
1116  inf
1117  inf
1118  inf
1119  inf
1120  inf
1121  inf
1122  inf
1123  inf
1124  inf
1125  inf
1126  inf
1127  inf
1128  inf
1129  inf
1130  inf
1131  inf
1132  inf
1133  inf
1134  inf
1135  inf
1136  inf
1137  inf
1138  inf
1139  inf
1140  inf
1141  inf
1142  inf
1143  inf
1144  inf
1145  inf
1146  inf
1147  inf
1148  0
1149  0
1150  0
1151  0
1152  0
1153  0
1154  0
1155  0
1156  0
1157  0
1158  0
1159  0
1160  0
1161  0
1162  0
1163  0
1164  0
1165  0
1166  0
1167  0
1168  0
1169  0
1170  0
1171  0
1172  inf
1173  inf
1174  inf
1175  inf
1176  inf
1177  inf
1178  inf
1179  inf
1180  inf
1181  inf
1182  inf
1183  inf
1184  inf
1185  inf
1186  inf
1187  inf
1188  inf
1189  inf
1190  inf
1191  inf
1192  inf
1193  inf
1194  inf
1195  inf
1196  inf
1197  inf
1198  inf
1199  inf
1200  inf
1201  inf
1202  inf
1203  inf
1204  inf
1205  inf
1206  inf
1207  inf
1208  inf
1209  inf
1210  inf
1211  inf
1212  inf
1213  inf
1214  inf
1215  inf
1216  inf
1217  inf
1218  inf
1219  inf
1220  inf
1221  inf
1222  inf
1223  inf
1224  inf
1225  inf
1226  inf
1227  inf
1228  inf
1229  inf
1230  inf
1231  inf
1232  inf
1233  0
1234  0
1235  0
1236  0
1237  0
1238  0
1239  0
1240  0
1241  0
1242  0
1243  0
1244  0
1245  0
1246  0
1247  0
1248  0
1249  0
1250  0
1251  0
1252  0
1253  0
1254  0
1255  0
1256  0
1257  0
1258  0
1259  0
1260  0
1261  0
1262  0
1263  0
1264  0
1265  0
1266  0
1267  0
1268  0
1269  0
1270  0
1271  0
1272  0
1273  0
1274  0
1275  0
1276  0
1277  0
1278  0
1279  0
1280  0
1281  0
1282  0
1283  0
1284  0
1285  0
1286  0
1287  0
1288  0
1289  0
1290  0
1291  0
1292  0
1293  0
1294  0
1295  0
1296  inf
1297  inf
1298  inf
1299  inf
1300  inf
1301  inf
1302  inf
1303  inf
1304  inf
1305  inf
1306  inf
1307  inf
1308  inf
1309  inf
1310  inf
1311  inf
1312  inf
1313  inf
1314  inf
1315  inf
1316  inf
1317  inf
1318  inf
1319  inf
1320  inf
1321  inf
1322  inf
1323  inf
1324  inf
1325  inf
1326  inf
1327  inf
1328  inf
1329  inf
1330  inf
1331  inf
1332  inf
1333  inf
1334  inf
1335  inf
1336  inf
1337  inf
1338  inf
1339  inf
1340  inf
1341  inf
1342  inf
1343  inf
1344  inf
1345  inf
1346  inf
1347  inf
1348  inf
1349  inf
1350  inf
1351  inf
1352  inf
1353  inf
1354  inf
1355  inf
1356  inf
1357  inf
1358  inf
1359  inf
1360  inf
1361  inf
1362  inf
1363  inf
1364  inf
1365  inf
1366  inf
1367  inf
1368  inf
1369  inf
1370  inf
1371  inf
1372  inf
1373  inf
1374  inf
1375  inf
1376  inf
1377  inf
1378  inf
1379  inf
1380  0
1381  0
1382  0
1383  0
1384  0
1385  0
1386  0
1387  0
1388  0
1389  0
1390  0
1391  0
1392  0
1393  0
1394  0
1395  0
1396  0
1397  0
1398  0
1399  0
1400  0
1401  0
1402  0
1403  0
1404  0
1405  0
1406  0
1407  0
1408  0
1409  inf
1410  inf
1411  inf
1412  inf
1413  inf
1414  inf
1415  inf
1416  inf
1417  inf
1418  inf
1419  inf
1420  inf
1421  inf
1422  inf
1423  inf
1424  inf
1425  inf
1426  inf
1427  inf
1428  inf
1429  inf
1430  inf
1431  inf
1432  inf
1433  inf
1434  inf
1435  inf
1436  inf
1437  inf
1438  inf
1439  inf
1440  inf
1441  inf
1442  inf
1443  inf
1444  inf
1445  inf
1446  inf
1447  inf
1448  inf
1449  inf
1450  inf
1451  inf
1452  inf
1453  inf
1454  inf
1455  0
1456  0
1457  0
1458  0
1459  0
1460  0
1461  0
1462  0
1463  0
1464  0
1465  0
1466  0
1467  0
1468  0
1469  0
1470  0
1471  0
1472  0
1473  0
1474  0
1475  0
1476  0
1477  0
1478  0
1479  0
1480  0
1481  0
1482  0
1483  0
1484  0
1485  0
1486  0
1487  0
1488  0
1489  0
1490  0
1491  0
1492  0
1493  inf
1494  inf
1495  inf
1496  inf
1497  inf
1498  inf
1499  inf
1500  inf
1501  inf
1502  inf
1503  inf
1504  inf
1505  inf
1506  inf
1507  inf
1508  inf
1509  inf
1510  inf
1511  inf
1512  inf
1513  inf
1514  inf
1515  inf
1516  inf
1517  inf
1518  inf
1519  inf
1520  inf
1521  inf
1522  inf
1523  inf
1524  inf
1525  inf
1526  inf
1527  inf
1528  inf
1529  inf
1530  inf
1531  inf
1532  inf
1533  inf
1534  inf
1535  inf
1536  inf
1537  inf
1538  inf
1539  inf
1540  inf
1541  inf
1542  inf
1543  inf
1544  inf
1545  inf
1546  inf
1547  inf
1548  0
1549  0
1550  0
1551  0
1552  0
1553  0
1554  0
1555  0
1556  0
1557  0
1558  0
1559  0
1560  0
1561  0
1562  0
1563  0
1564  0
1565  0
1566  0
1567  0
1568  0
1569  inf
1570  inf
1571  inf
1572  inf
1573  inf
1574  inf
1575  inf
1576  inf
1577  inf
1578  inf
1579  inf
1580  inf
1581  inf
1582  inf
1583  inf
1584  inf
1585  inf
1586  inf
1587  inf
1588  inf
1589  inf
1590  inf
1591  inf
1592  inf
1593  inf
1594  inf
1595  inf
1596  inf
1597  inf
1598  inf
1599  inf
1600  0
1601  0
1602  0
1603  0
1604  0
1605  0
1606  0
1607  0
1608  0
1609  0
1610  0
1611  0
1612  0
1613  0
1614  0
1615  0
1616  0
1617  0
1618  0
1619  0
1620  0
1621  0
1622  0
1623  0
1624  0
1625  0
1626  0
1627  0
1628  0
1629  0
1630  0
1631  0
1632  0
1633  0
1634  0
1635  0
1636  0
1637  0
1638  0
1639  0
1640  0
1641  0
1642  0
1643  0
1644  0
1645  0
1646  0
1647  0
1648  0
1649  0
1650  0
1651  0
1652  0
1653  0
1654  0
1655  0
1656  0
1657  0
1658  0
1659  0
1660  0
1661  0
1662  inf
1663  inf
1664  inf
1665  inf
1666  inf
1667  inf
1668  inf
1669  inf
1670  inf
1671  inf
1672  inf
1673  inf
1674  inf
1675  inf
1676  inf
1677  inf
1678  inf
1679  inf
1680  inf
1681  inf
1682  inf
1683  inf
1684  inf
1685  inf
1686  inf
1687  inf
1688  inf
1689  inf
1690  inf
1691  inf
1692  inf
1693  inf
1694  inf
1695  inf
1696  inf
1697  inf
1698  inf
1699  inf
1700  inf
1701  inf
1702  inf
1703  inf
1704  inf
1705  inf
1706  inf
1707  inf
1708  inf
1709  inf
1710  inf
1711  inf
1712  inf
1713  inf
1714  inf
1715  inf
1716  inf
1717  inf
1718  inf
1719  inf
1720  inf
1721  inf
1722  inf
1723  inf
1724  inf
1725  inf
1726  inf
1727  inf
1728  inf
1729  inf
1730  inf
1731  inf
1732  inf
1733  inf
1734  inf
1735  inf
1736  inf
1737  inf
1738  inf
1739  inf
1740  inf
1741  inf
1742  inf
1743  inf
1744  inf
1745  inf
1746  0
1747  0
1748  0
1749  0
1750  0
1751  0
1752  0
1753  0
1754  0
1755  0
1756  0
1757  0
1758  0
1759  0
1760  0
1761  0
1762  0
1763  0
1764  0
1765  0
1766  0
1767  0
1768  0
1769  0
1770  0
1771  0
1772  inf
1773  inf
1774  inf
1775  inf
1776  inf
1777  inf
1778  inf
1779  inf
1780  inf
1781  inf
1782  inf
1783  inf
1784  inf
1785  inf
1786  inf
1787  inf
1788  inf
1789  inf
1790  inf
1791  inf
1792  inf
1793  inf
1794  inf
1795  inf
1796  inf
1797  inf
1798  inf
1799  inf
1800  inf
1801  inf
1802  inf
1803  inf
1804  inf
1805  inf
1806  inf
1807  inf
1808  inf
1809  inf
1810  inf
1811  inf
1812  inf
1813  inf
1814  inf
1815  inf
1816  inf
1817  inf
1818  inf
1819  inf
1820  inf
1821  inf
1822  inf
1823  inf
1824  inf
1825  inf
1826  inf
1827  inf
1828  inf
1829  inf
1830  inf
1831  inf
1832  inf
1833  inf
1834  inf
1835  inf
1836  inf
1837  inf
1838  inf
1839  inf
1840  inf
1841  inf
1842  inf
1843  inf
1844  inf
1845  inf
1846  inf
1847  inf
1848  inf
1849  inf
1850  inf
1851  inf
1852  inf
1853  inf
1854  inf
1855  inf
1856  0
1857  0
1858  0
1859  0
1860  0
1861  0
1862  0
1863  0
1864  0
1865  0
1866  0
1867  0
1868  0
1869  0
1870  0
1871  0
1872  0
1873  0
1874  0
1875  0
1876  0
1877  0
1878  0
1879  0
1880  0
1881  0
1882  0
1883  0
1884  0
1885  0
1886  0
1887  0
1888  0
1889  0
1890  0
1891  0
1892  0
1893  0
1894  0
1895  0
1896  0
1897  0
1898  0
1899  0
1900  inf
1901  inf
1902  inf
1903  inf
1904  inf
1905  inf
1906  inf
1907  inf
1908  inf
1909  inf
1910  inf
1911  inf
1912  inf
1913  inf
1914  inf
1915  inf
1916  inf
1917  inf
1918  inf
1919  inf
1920  inf
1921  inf
1922  inf
1923  inf
1924  inf
1925  inf
1926  inf
1927  inf
1928  inf
1929  inf
1930  inf
1931  inf
1932  inf
1933  inf
1934  inf
1935  inf
1936  inf
1937  inf
1938  inf
1939  inf
1940  inf
1941  inf
1942  inf
1943  inf
1944  inf
1945  inf
1946  inf
1947  inf
1948  0
1949  0
1950  0
1951  0
1952  0
1953  0
1954  0
1955  0
1956  0
1957  0
1958  0
1959  0
1960  0
1961  0
1962  0
1963  0
1964  0
1965  0
1966  0
1967  0
1968  0
1969  0
1970  0
1971  0
1972  0
1973  inf
1974  inf
1975  inf
1976  inf
1977  inf
1978  inf
1979  inf
1980  inf
1981  inf
1982  inf
1983  inf
1984  inf
1985  inf
1986  inf
1987  inf
1988  inf
1989  inf
1990  inf
1991  inf
1992  inf
1993  inf
1994  inf
1995  inf
1996  inf
1997  inf
1998  inf
1999  inf
2000  inf
2001  inf
2002  inf
2003  inf
2004  inf
2005  inf
2006  inf
2007  inf
2008  inf
2009  inf
2010  inf
2011  inf
2012  inf
2013  inf
2014  inf
2015  inf
2016  inf
2017  inf
2018  inf
2019  inf
2020  inf
2021  inf
2022  inf
2023  inf
2024  inf
2025  inf
2026  inf
2027  inf
2028  inf
2029  inf
2030  inf
2031  inf
2032  0
2033  0
2034  0
2035  0
2036  0
2037  0
2038  0
2039  0
2040  0
2041  0
2042  0
2043  0
2044  0
2045  0
2046  0
2047  0
2048  0
2049  0
2050  0
2051  0
2052  0
2053  0
2054  0
2055  0
2056  0
2057  0
2058  0
2059  0
2060  0
2061  0
2062  0
2063  0
2064  0
2065  0
2066  0
2067  0
2068  0
2069  0
2070  0
2071  0
2072  0
2073  0
2074  0
2075  0
2076  0
2077  0
2078  0
2079  0
2080  0
2081  0
2082  0
2083  0
2084  0
2085  0
2086  0
2087  0
2088  0
2089  0
2090  0
2091  0
2092  0
2093  0
2094  0
2095  0
2096  0
2097  0
2098  0
2099  0
2100  0
2101  0
2102  0
2103  0
2104  0
2105  0
2106  0
2107  0
2108  inf
2109  inf
2110  inf
2111  inf
2112  inf
2113  inf
2114  inf
2115  inf
2116  inf
2117  inf
2118  inf
2119  inf
2120  inf
2121  inf
2122  inf
2123  inf
2124  inf
2125  inf
2126  inf
2127  inf
2128  inf
2129  inf
2130  inf
2131  inf
2132  inf
2133  inf
2134  inf
2135  inf
2136  inf
2137  inf
2138  inf
2139  inf
2140  inf
2141  inf
2142  inf
2143  inf
2144  inf
2145  inf
2146  inf
2147  inf
2148  inf
2149  inf
2150  inf
2151  inf
2152  inf
2153  inf
2154  inf
2155  inf
2156  inf
2157  inf
2158  inf
2159  inf
2160  inf
2161  inf
2162  inf
2163  inf
2164  inf
2165  inf
2166  inf
2167  inf
2168  inf
2169  inf
2170  inf
2171  0
2172  0
2173  0
2174  0
2175  0
2176  0
2177  0
2178  0
2179  0
2180  0
2181  0
2182  0
2183  0
2184  0
2185  0
2186  0
2187  0
2188  0
2189  0
2190  0
2191  0
2192  inf
2193  inf
2194  inf
2195  inf
2196  inf
2197  inf
2198  inf
2199  inf
2200  inf
2201  inf
2202  inf
2203  inf
2204  inf
2205  inf
2206  inf
2207  inf
2208  inf
2209  inf
2210  inf
2211  inf
2212  inf
2213  inf
2214  inf
2215  inf
2216  inf
2217  inf
2218  inf
2219  inf
2220  inf
2221  inf
2222  inf
2223  inf
2224  inf
2225  inf
2226  inf
2227  inf
2228  inf
2229  inf
2230  inf
2231  inf
2232  inf
2233  inf
2234  inf
2235  inf
2236  inf
2237  inf
2238  inf
2239  inf
2240  inf
2241  inf
2242  inf
2243  inf
2244  inf
2245  inf
2246  inf
2247  inf
2248  inf
2249  inf
2250  inf
2251  inf
2252  inf
2253  inf
2254  inf
2255  inf
2256  inf
2257  inf
2258  inf
2259  inf
2260  inf
2261  inf
2262  inf
2263  inf
2264  inf
2265  inf
2266  inf
2267  inf
2268  inf
2269  inf
2270  inf
2271  inf
2272  inf
2273  inf
2274  inf
2275  inf
2276  inf
2277  inf
2278  inf
2279  inf
2280  inf
2281  inf
2282  inf
2283  inf
2284  inf
2285  inf
2286  inf
2287  inf
2288  0
2289  0
2290  0
2291  0
2292  0
2293  0
2294  0
2295  0
2296  0
2297  0
2298  0
2299  0
2300  0
2301  0
2302  0
2303  0
2304  0
2305  0
2306  0
2307  0
2308  0
2309  0
2310  0
2311  0
2312  0
2313  0
2314  0
2315  0
2316  0
2317  0
2318  0
2319  0
2320  0
2321  0
2322  0
2323  0
2324  0
2325  0
2326  0
2327  0
2328  0
2329  0
2330  0
2331  0
2332  0
2333  0
2334  0
2335  0
2336  0
2337  0
2338  0
2339  0
2340  0
2341  0
2342  0
2343  0
2344  0
2345  0
2346  0
2347  0
2348  0
2349  0
2350  0
2351  0
2352  0
2353  0
2354  0
2355  0
2356  0
2357  0
2358  0
2359  0
2360  0
2361  0
2362  0
2363  0
2364  0
2365  0
2366  0
2367  0
2368  0
2369  0
2370  0
2371  0
2372  0
2373  0
2374  0
2375  0
2376  0
2377  0
2378  0
2379  0
2380  0
2381  0
2382  0
2383  0
2384  inf
2385  inf
2386  inf
2387  inf
2388  inf
2389  inf
2390  inf
2391  inf
2392  inf
2393  inf
2394  inf
2395  inf
2396  inf
2397  inf
2398  inf
2399  inf
2400  inf
2401  inf
2402  inf
2403  inf
2404  inf
2405  inf
2406  inf
2407  inf
2408  inf
2409  inf
2410  inf
2411  inf
2412  inf
2413  inf
2414  inf
2415  inf
2416  inf
2417  inf
2418  inf
2419  inf
2420  inf
2421  inf
2422  inf
2423  inf
2424  inf
2425  inf
2426  inf
2427  inf
2428  inf
2429  inf
2430  inf
2431  inf
2432  inf
2433  inf
2434  inf
2435  inf
2436  inf
2437  inf
2438  inf
2439  inf
2440  inf
2441  inf
2442  inf
2443  inf
2444  inf
2445  inf
2446  inf
2447  inf
2448  0
2449  0
2450  0
2451  0
2452  0
2453  0
2454  0
2455  0
2456  0
2457  0
2458  0
2459  0
2460  0
2461  0
2462  0
2463  0
2464  0
2465  0
2466  0
2467  0
2468  0
2469  inf
2470  inf
2471  inf
2472  inf
2473  inf
2474  inf
2475  inf
2476  inf
2477  inf
2478  inf
2479  inf
2480  inf
2481  inf
2482  inf
2483  inf
2484  inf
2485  inf
2486  inf
2487  inf
2488  inf
2489  inf
2490  inf
2491  inf
2492  inf
2493  inf
2494  inf
2495  inf
2496  inf
2497  inf
2498  inf
2499  inf
2500  inf
2501  inf
2502  inf
2503  inf
2504  inf
2505  inf
2506  inf
2507  inf
2508  inf
2509  inf
2510  0
2511  0
2512  0
2513  0
2514  0
2515  0
2516  0
2517  0
2518  0
2519  0
2520  0
2521  0
2522  0
2523  0
2524  0
2525  0
2526  0
2527  0
2528  0
2529  0
2530  0
2531  0
2532  0
2533  0
2534  0
2535  0
2536  0
2537  0
2538  0
2539  0
2540  0
2541  0
2542  0
2543  0
2544  0
2545  0
2546  0
2547  0
2548  inf
2549  inf
2550  inf
2551  inf
2552  inf
2553  inf
2554  inf
2555  inf
2556  inf
2557  inf
2558  inf
2559  inf
2560  inf
2561  inf
2562  inf
2563  inf
2564  inf
2565  inf
2566  inf
2567  inf
2568  inf
2569  inf
2570  inf
2571  inf
2572  inf
2573  inf
2574  inf
2575  inf
2576  inf
2577  inf
2578  inf
2579  inf
2580  inf
2581  inf
2582  inf
2583  inf
2584  inf
2585  inf
2586  inf
2587  inf
2588  inf
2589  inf
2590  inf
2591  inf
2592  inf
2593  inf
2594  inf
2595  inf
2596  inf
2597  inf
2598  inf
2599  inf
2600  inf
2601  inf
2602  inf
2603  inf
2604  inf
2605  inf
2606  inf
2607  inf
2608  inf
2609  inf
2610  inf
2611  inf
2612  inf
2613  inf
2614  inf
2615  inf
2616  inf
2617  inf
2618  inf
2619  inf
2620  inf
2621  inf
2622  inf
2623  inf
2624  inf
2625  inf
2626  inf
2627  inf
2628  inf
2629  inf
2630  inf
2631  inf
2632  inf
2633  inf
2634  inf
2635  0
2636  0
2637  0
2638  0
2639  0
2640  0
2641  0
2642  0
2643  0
2644  0
2645  0
2646  0
2647  0
2648  0
2649  0
2650  0
2651  0
2652  0
2653  0
2654  0
2655  0
2656  0
2657  0
2658  0
2659  0
2660  0
2661  0
2662  0
2663  0
2664  0
2665  inf
2666  inf
2667  inf
2668  inf
2669  inf
2670  inf
2671  inf
2672  inf
2673  inf
2674  inf
2675  inf
2676  inf
2677  inf
2678  inf
2679  inf
2680  inf
2681  inf
2682  inf
2683  inf
2684  inf
2685  inf
2686  inf
2687  inf
2688  inf
2689  inf
2690  inf
2691  inf
2692  inf
2693  inf
2694  inf
2695  inf
2696  inf
2697  inf
2698  inf
2699  inf
2700  inf
2701  inf
2702  inf
2703  inf
2704  inf
2705  inf
2706  inf
2707  inf
2708  inf
2709  inf
2710  inf
2711  inf
2712  inf
2713  inf
2714  inf
2715  inf
2716  inf
2717  inf
2718  inf
2719  inf
2720  inf
2721  inf
2722  inf
2723  inf
2724  inf
2725  0
2726  0
2727  0
2728  0
2729  0
2730  0
2731  0
2732  0
2733  0
2734  0
2735  0
2736  0
2737  0
2738  0
2739  0
2740  0
2741  0
2742  0
2743  0
2744  0
2745  0
2746  0
2747  0
2748  0
2749  0
2750  0
2751  0
2752  0
2753  0
2754  0
2755  0
2756  0
2757  0
2758  0
2759  0
2760  0
2761  0
2762  0
2763  0
2764  0
2765  0
2766  0
2767  0
2768  0
2769  0
2770  0
2771  0
2772  0
2773  0
2774  0
2775  inf
2776  inf
2777  inf
2778  inf
2779  inf
2780  inf
2781  inf
2782  inf
2783  inf
2784  inf
2785  inf
2786  inf
2787  inf
2788  inf
2789  inf
2790  inf
2791  inf
2792  inf
2793  inf
2794  inf
2795  inf
2796  inf
2797  inf
2798  inf
2799  inf
2800  inf
2801  inf
2802  inf
2803  inf
2804  inf
2805  inf
2806  inf
2807  inf
2808  inf
2809  inf
2810  inf
2811  inf
2812  inf
2813  inf
2814  inf
2815  inf
2816  inf
2817  inf
2818  inf
2819  inf
2820  inf
2821  inf
2822  inf
2823  inf
2824  inf
2825  inf
2826  inf
2827  inf
2828  inf
2829  inf
2830  inf
2831  inf
2832  inf
2833  inf
2834  inf
2835  inf
2836  inf
2837  inf
2838  inf
2839  inf
2840  inf
2841  inf
2842  inf
2843  inf
2844  inf
2845  0
2846  0
2847  0
2848  0
2849  0
2850  0
2851  0
2852  0
2853  0
2854  0
2855  0
2856  0
2857  0
2858  0
2859  0
2860  0
2861  0
2862  0
2863  0
2864  0
2865  0
2866  0
2867  0
2868  0
2869  inf
2870  inf
2871  inf
2872  inf
2873  inf
2874  inf
2875  inf
2876  inf
2877  inf
2878  inf
2879  inf
2880  inf
2881  inf
2882  inf
2883  inf
2884  inf
2885  inf
2886  inf
2887  inf
2888  inf
2889  inf
2890  inf
2891  inf
2892  inf
2893  inf
2894  inf
2895  inf
2896  inf
2897  inf
2898  inf
2899  inf
2900  inf
2901  inf
2902  inf
2903  inf
2904  inf
2905  0
2906  0
2907  0
2908  0
2909  0
2910  0
2911  0
2912  0
2913  0
2914  0
2915  0
2916  0
2917  0
2918  0
2919  0
2920  0
2921  0
2922  0
2923  0
2924  0
2925  0
2926  0
2927  0
2928  0
2929  0
2930  0
2931  0
2932  0
2933  0
2934  0
2935  0
2936  0
2937  0
2938  0
2939  0
2940  0
2941  0
2942  0
2943  0
2944  0
2945  0
2946  0
2947  0
2948  0
2949  0
2950  inf
2951  inf
2952  inf
2953  inf
2954  inf
2955  inf
2956  inf
2957  inf
2958  inf
2959  inf
2960  inf
2961  inf
2962  inf
2963  inf
2964  inf
2965  inf
2966  inf
2967  inf
2968  inf
2969  inf
2970  inf
2971  inf
2972  inf
2973  inf
2974  inf
2975  inf
2976  inf
2977  inf
2978  inf
2979  inf
2980  inf
2981  inf
2982  inf
2983  inf
2984  inf
2985  0
2986  0
2987  0
2988  0
2989  0
2990  0
2991  0
2992  0
2993  0
2994  0
2995  0
2996  0
2997  0
2998  0
2999  0
3000  0
3001  0
3002  0
3003  0
3004  0
3005  0
3006  0
3007  0
3008  0
3009  0
3010  0
3011  0
3012  0
3013  0
3014  0
3015  0
3016  inf
3017  inf
3018  inf
3019  inf
3020  inf
3021  inf
3022  inf
3023  inf
3024  inf
3025  inf
3026  inf
3027  inf
3028  inf
3029  inf
3030  inf
3031  inf
3032  inf
3033  inf
3034  inf
3035  inf
3036  inf
3037  inf
3038  inf
3039  inf
3040  inf
3041  inf
3042  inf
3043  inf
3044  inf
3045  inf
3046  inf
3047  inf
3048  inf
3049  inf
3050  inf
3051  inf
3052  inf
3053  inf
3054  inf
3055  inf
3056  inf
3057  inf
3058  inf
3059  inf
3060  inf
3061  inf
3062  inf
3063  inf
3064  inf
3065  inf
3066  inf
3067  inf
3068  inf
3069  inf
3070  0
3071  0
3072  0
3073  0
3074  0
3075  0
3076  0
3077  0
3078  0
3079  0
3080  0
3081  0
3082  0
3083  0
3084  0
3085  0
3086  0
3087  0
3088  0
3089  0
3090  0
3091  0
3092  0
3093  0
3094  0
3095  0
3096  0
3097  0
3098  0
3099  0
3100  0
3101  0
3102  0
3103  0
3104  0
3105  0
3106  0
3107  0
3108  0
3109  0
3110  0
3111  0
3112  0
3113  0
3114  0
3115  0
3116  0
3117  inf
3118  inf
3119  inf
3120  inf
3121  inf
3122  inf
3123  inf
3124  inf
3125  inf
3126  inf
3127  inf
3128  inf
3129  inf
3130  inf
3131  inf
3132  inf
3133  inf
3134  inf
3135  inf
3136  inf
3137  inf
3138  inf
3139  inf
3140  inf
3141  inf
3142  inf
3143  inf
3144  inf
3145  inf
3146  inf
3147  inf
3148  inf
3149  inf
3150  inf
3151  inf
3152  inf
3153  inf
3154  inf
3155  inf
3156  inf
3157  inf
3158  inf
3159  inf
3160  inf
3161  inf
3162  inf
3163  inf
3164  inf
3165  inf
3166  inf
3167  inf
3168  inf
3169  inf
3170  inf
3171  inf
3172  inf
3173  inf
3174  inf
3175  inf
3176  inf
3177  inf
3178  inf
3179  inf
3180  inf
3181  inf
3182  inf
3183  inf
3184  0
3185  0
3186  0
3187  0
3188  0
3189  0
3190  0
3191  0
3192  0
3193  0
3194  0
3195  0
3196  0
3197  0
3198  0
3199  0
3200  0
3201  0
3202  0
3203  0
3204  0
3205  0
3206  0
3207  inf
3208  inf
3209  inf
3210  inf
3211  inf
3212  inf
3213  inf
3214  inf
3215  inf
3216  inf
3217  inf
3218  inf
3219  inf
3220  inf
3221  inf
3222  inf
3223  inf
3224  inf
3225  inf
3226  inf
3227  inf
3228  inf
3229  inf
3230  inf
3231  inf
3232  inf
3233  inf
3234  inf
3235  inf
3236  inf
3237  inf
3238  inf
3239  inf
3240  inf
3241  inf
3242  inf
3243  inf
3244  inf
3245  inf
3246  inf
3247  inf
3248  inf
3249  inf
3250  inf
3251  inf
3252  inf
3253  inf
3254  inf
3255  inf
3256  inf
3257  inf
3258  inf
3259  inf
3260  inf
3261  inf
3262  inf
3263  inf
3264  inf
3265  inf
3266  inf
3267  inf
3268  inf
3269  inf
3270  0
3271  0
3272  0
3273  0
3274  0
3275  0
3276  0
3277  0
3278  0
3279  0
3280  0
3281  0
3282  0
3283  0
3284  0
3285  0
3286  0
3287  0
3288  0
3289  0
3290  0
3291  0
3292  0
3293  0
3294  0
3295  0
3296  0
3297  0
3298  0
3299  0
3300  0
3301  0
3302  0
3303  0
3304  0
3305  0
3306  0
3307  0
3308  0
3309  0
3310  0
3311  0
3312  0
3313  0
3314  0
3315  0
3316  0
3317  0
3318  0
3319  0
3320  0
3321  0
3322  0
3323  0
3324  0
3325  0
3326  0
3327  inf
3328  inf
3329  inf
3330  inf
3331  inf
3332  inf
3333  inf
3334  inf
3335  inf
3336  inf
3337  inf
3338  inf
3339  inf
3340  inf
3341  inf
3342  inf
3343  inf
3344  inf
3345  inf
3346  inf
3347  inf
3348  inf
3349  inf
3350  inf
3351  inf
3352  inf
3353  inf
3354  inf
3355  inf
3356  inf
3357  inf
3358  inf
3359  inf
3360  inf
3361  inf
3362  inf
3363  inf
3364  inf
3365  inf
3366  inf
3367  inf
3368  inf
3369  inf
3370  inf
3371  inf
3372  inf
3373  inf
3374  inf
3375  inf
3376  inf
3377  inf
3378  inf
3379  inf
3380  inf
3381  inf
3382  inf
3383  inf
3384  inf
3385  inf
3386  inf
3387  inf
3388  inf
3389  inf
3390  inf
3391  inf
3392  inf
3393  inf
3394  inf
3395  inf
3396  inf
3397  inf
3398  inf
3399  inf
3400  inf
3401  inf
3402  inf
3403  inf
3404  inf
3405  inf
3406  inf
3407  inf
3408  inf
3409  inf
3410  inf
3411  inf
3412  inf
3413  inf
3414  inf
3415  inf
3416  inf
3417  inf
3418  inf
3419  inf
3420  inf
3421  inf
3422  inf
3423  inf
3424  0
3425  0
3426  0
3427  0
3428  0
3429  0
3430  0
3431  0
3432  0
3433  0
3434  0
3435  0
3436  0
3437  0
3438  0
3439  0
3440  0
3441  0
3442  0
3443  0
3444  0
3445  0
3446  0
3447  0
3448  inf
3449  inf
3450  inf
3451  inf
3452  inf
3453  inf
3454  inf
3455  inf
3456  inf
3457  inf
3458  inf
3459  inf
3460  inf
3461  inf
3462  inf
3463  inf
3464  inf
3465  inf
3466  inf
3467  inf
3468  inf
3469  inf
3470  inf
3471  inf
3472  inf
3473  inf
3474  inf
3475  inf
3476  inf
3477  inf
3478  inf
3479  inf
3480  inf
3481  inf
3482  inf
3483  inf
3484  inf
3485  inf
3486  inf
3487  inf
3488  inf
3489  inf
3490  inf
3491  inf
3492  inf
3493  inf
3494  inf
3495  inf
3496  inf
3497  inf
3498  inf
3499  inf
3500  inf
3501  inf
3502  inf
3503  inf
3504  0
3505  0
3506  0
3507  0
3508  0
3509  0
3510  0
3511  0
3512  0
3513  0
3514  0
3515  0
3516  0
3517  0
3518  0
3519  0
3520  0
3521  0
3522  0
3523  0
3524  0
3525  0
3526  0
3527  0
3528  0
3529  0
3530  0
3531  0
3532  0
3533  0
3534  0
3535  0
3536  0
3537  0
3538  0
3539  0
3540  0
3541  0
3542  0
3543  0
3544  0
3545  0
3546  0
3547  0
3548  0
3549  0
3550  0
3551  0
3552  0
3553  0
3554  0
3555  0
3556  0
3557  0
3558  0
3559  0
3560  0
3561  0
3562  0
3563  0
3564  0
3565  inf
3566  inf
3567  inf
3568  inf
3569  inf
3570  inf
3571  inf
3572  inf
3573  inf
3574  inf
3575  inf
3576  inf
3577  inf
3578  inf
3579  inf
3580  inf
3581  inf
3582  inf
3583  inf
3584  inf
3585  inf
3586  inf
3587  inf
3588  inf
3589  inf
3590  inf
3591  inf
3592  inf
3593  inf
3594  inf
3595  inf
3596  inf
3597  inf
3598  inf
3599  inf
3600  inf
3601  inf
3602  inf
3603  inf
3604  inf
3605  inf
3606  inf
3607  inf
3608  inf
3609  inf
3610  inf
3611  inf
3612  inf
3613  inf
3614  inf
3615  inf
3616  inf
3617  inf
3618  inf
3619  inf
3620  inf
3621  inf
3622  inf
3623  inf
3624  inf
3625  inf
3626  inf
3627  inf
3628  inf
3629  inf
3630  inf
3631  inf
3632  inf
3633  0
3634  0
3635  0
3636  0
3637  0
3638  0
3639  0
3640  0
3641  0
3642  0
3643  0
3644  0
3645  0
3646  0
3647  0
3648  0
3649  0
3650  0
3651  0
3652  0
3653  0
3654  0
3655  0
3656  0
3657  0
3658  inf
3659  inf
3660  inf
3661  inf
3662  inf
3663  inf
3664  inf
3665  inf
3666  inf
3667  inf
3668  inf
3669  inf
3670  inf
3671  inf
3672  inf
3673  inf
3674  inf
3675  inf
3676  inf
3677  inf
3678  inf
3679  inf
3680  inf
3681  inf
3682  inf
3683  inf
3684  inf
3685  inf
3686  inf
3687  inf
3688  inf
3689  inf
3690  inf
3691  inf
3692  inf
3693  inf
3694  inf
3695  inf
3696  0
3697  0
3698  0
3699  0
3700  0
3701  0
3702  0
3703  0
3704  0
3705  0
3706  0
3707  0
3708  0
3709  0
3710  0
3711  0
3712  0
3713  0
3714  0
3715  0
3716  0
3717  0
3718  0
3719  0
3720  0
3721  0
3722  0
3723  0
3724  0
3725  0
3726  0
3727  0
3728  0
3729  0
3730  0
3731  0
3732  0
3733  0
3734  0
3735  0
3736  0
3737  0
3738  0
3739  0
3740  0
3741  0
3742  0
3743  0
3744  0
3745  inf
3746  inf
3747  inf
3748  inf
3749  inf
3750  inf
3751  inf
3752  inf
3753  inf
3754  inf
3755  inf
3756  inf
3757  inf
3758  inf
3759  inf
3760  inf
3761  inf
3762  inf
3763  inf
3764  inf
3765  inf
3766  inf
3767  inf
3768  inf
3769  inf
3770  inf
3771  inf
3772  inf
3773  inf
3774  inf
3775  inf
3776  inf
3777  inf
3778  inf
3779  inf
3780  inf
3781  inf
3782  inf
3783  inf
3784  inf
3785  inf
3786  inf
3787  inf
3788  inf
3789  inf
3790  inf
3791  inf
3792  inf
3793  inf
3794  inf
3795  inf
3796  inf
3797  inf
3798  inf
3799  inf
3800  inf
3801  inf
3802  0
3803  0
3804  0
3805  0
3806  0
3807  0
3808  0
3809  0
3810  0
3811  0
3812  0
3813  0
3814  0
3815  0
3816  0
3817  0
3818  0
3819  0
3820  0
3821  0
3822  0
3823  0
3824  0
3825  0
3826  0
3827  0
3828  0
3829  inf
3830  inf
3831  inf
3832  inf
3833  inf
3834  inf
3835  inf
3836  inf
3837  inf
3838  inf
3839  inf
3840  inf
3841  inf
3842  inf
3843  inf
3844  inf
3845  inf
3846  inf
3847  inf
3848  inf
3849  inf
3850  inf
3851  inf
3852  inf
3853  inf
3854  inf
3855  inf
3856  inf
3857  inf
3858  inf
3859  inf
3860  inf
3861  inf
3862  inf
3863  inf
3864  inf
3865  0
3866  0
3867  0
3868  0
3869  0
3870  0
3871  0
3872  0
3873  0
3874  0
3875  0
3876  0
3877  0
3878  0
3879  0
3880  0
3881  0
3882  0
3883  0
3884  0
3885  0
3886  0
3887  0
3888  0
3889  0
3890  0
3891  0
3892  0
3893  0
3894  0
3895  0
3896  0
3897  0
3898  0
3899  0
3900  0
3901  0
3902  0
3903  0
3904  0
3905  0
3906  0
3907  0
3908  0
3909  0
3910  0
3911  0
3912  0
3913  0
3914  0
3915  0
3916  0
3917  0
3918  0
3919  0
3920  0
3921  0
3922  0
3923  0
3924  0
3925  0
3926  0
3927  0
3928  0
3929  0
3930  0
3931  0
3932  0
3933  0
3934  0
3935  0
3936  0
3937  0
3938  0
3939  0
3940  0
3941  0
3942  0
3943  0
3944  0
3945  0
3946  0
3947  0
3948  0
3949  0
3950  0
3951  0
3952  0
3953  0
3954  0
3955  0
3956  0
3957  0
3958  0
3959  0
3960  0
3961  0
3962  0
3963  0
3964  0
3965  0
3966  0
3967  0
3968  0
3969  0
3970  0
3971  inf
3972  inf
3973  inf
3974  inf
3975  inf
3976  inf
3977  inf
3978  inf
3979  inf
3980  inf
3981  inf
3982  inf
3983  inf
3984  inf
3985  inf
3986  inf
3987  inf
3988  inf
3989  inf
3990  inf
3991  inf
3992  inf
3993  inf
3994  inf
3995  inf
3996  inf
3997  inf
3998  inf
3999  inf
4000  inf
4001  inf
4002  inf
4003  inf
4004  inf
4005  inf
4006  inf
4007  inf
4008  inf
4009  inf
4010  inf
4011  inf
4012  inf
4013  inf
4014  inf
4015  inf
4016  inf
4017  inf
4018  inf
4019  inf
4020  inf
4021  inf
4022  inf
4023  inf
4024  inf
4025  inf
4026  inf
4027  inf
4028  inf
4029  inf
4030  inf
4031  inf
4032  inf
4033  inf
4034  inf
4035  inf
4036  inf
4037  inf
4038  inf
4039  inf
4040  inf
4041  inf
4042  0
4043  0
4044  0
4045  0
4046  0
4047  0
4048  0
4049  0
4050  0
4051  0
4052  0
4053  0
4054  0
4055  0
4056  0
4057  0
4058  0
4059  0
4060  0
4061  inf
4062  inf
4063  inf
4064  inf
4065  inf
4066  inf
4067  inf
4068  inf
4069  inf
4070  inf
4071  inf
4072  inf
4073  inf
4074  inf
4075  inf
4076  inf
4077  inf
4078  inf
4079  inf
4080  inf
4081  inf
4082  inf
4083  inf
4084  inf
4085  inf
4086  inf
4087  inf
4088  inf
4089  inf
4090  inf
4091  inf
4092  inf
4093  inf
4094  inf
4095  inf
4096  inf
4097  inf
4098  inf
4099  inf
4100  inf
4101  inf
4102  inf
4103  inf
4104  inf
4105  inf
4106  inf
4107  inf
4108  inf
4109  inf
4110  inf
4111  inf
4112  inf
4113  inf
4114  0
4115  0
4116  0
4117  0
4118  0
4119  0
4120  0
4121  0
4122  0
4123  0
4124  0
4125  0
4126  0
4127  0
4128  0
4129  0
4130  0
4131  0
4132  0
4133  0
4134  0
4135  0
4136  0
4137  0
4138  0
4139  0
4140  0
4141  0
4142  0
4143  inf
4144  inf
4145  inf
4146  inf
4147  inf
4148  inf
4149  inf
4150  inf
4151  inf
4152  inf
4153  inf
4154  inf
4155  inf
4156  inf
4157  inf
4158  inf
4159  inf
4160  inf
4161  inf
4162  inf
4163  inf
4164  inf
4165  inf
4166  inf
4167  inf
4168  inf
4169  inf
4170  inf
4171  inf
4172  inf
4173  inf
4174  inf
4175  inf
4176  inf
4177  inf
4178  inf
4179  inf
4180  inf
4181  inf
4182  inf
4183  inf
4184  inf
4185  inf
4186  inf
4187  inf
4188  inf
4189  inf
4190  inf
4191  0
4192  0
4193  0
4194  0
4195  0
4196  0
4197  0
4198  0
4199  0
4200  0
4201  0
4202  0
4203  0
4204  0
4205  0
4206  0
4207  0
4208  0
4209  0
4210  0
4211  0
4212  0
4213  0
4214  inf
4215  inf
4216  inf
4217  inf
4218  inf
4219  inf
4220  inf
4221  inf
4222  inf
4223  inf
4224  inf
4225  inf
4226  inf
4227  inf
4228  inf
4229  inf
4230  inf
4231  inf
4232  inf
4233  inf
4234  inf
4235  inf
4236  inf
4237  inf
4238  inf
4239  inf
4240  inf
4241  inf
4242  inf
4243  inf
4244  inf
4245  inf
4246  inf
4247  inf
4248  inf
4249  inf
4250  inf
4251  inf
4252  inf
4253  inf
4254  inf
4255  inf
4256  inf
4257  inf
4258  inf
4259  inf
4260  inf
4261  0
4262  0
4263  0
4264  0
4265  0
4266  0
4267  0
4268  0
4269  0
4270  0
4271  0
4272  0
4273  0
4274  0
4275  0
4276  0
4277  0
4278  0
4279  0
4280  0
4281  0
4282  0
4283  0
4284  0
4285  0
4286  0
4287  0
4288  0
4289  0
4290  0
4291  0
4292  0
4293  0
4294  0
4295  0
4296  inf
4297  inf
4298  inf
4299  inf
4300  inf
4301  inf
4302  inf
4303  inf
4304  inf
4305  inf
4306  inf
4307  inf
4308  inf
4309  inf
4310  inf
4311  inf
4312  inf
4313  inf
4314  inf
4315  inf
4316  inf
4317  inf
4318  inf
4319  inf
4320  inf
4321  inf
4322  inf
4323  inf
4324  inf
4325  inf
4326  inf
4327  inf
4328  inf
4329  inf
4330  inf
4331  inf
4332  inf
4333  inf
4334  inf
4335  inf
4336  inf
4337  inf
4338  inf
4339  inf
4340  inf
4341  inf
4342  inf
4343  inf
4344  inf
4345  inf
4346  inf
4347  inf
4348  inf
4349  inf
4350  inf
4351  inf
4352  inf
4353  inf
4354  inf
4355  inf
4356  inf
4357  inf
4358  inf
4359  0
4360  0
4361  0
4362  0
4363  0
4364  0
4365  0
4366  0
4367  0
4368  0
4369  0
4370  0
4371  0
4372  0
4373  0
4374  0
4375  0
4376  0
4377  0
4378  0
4379  0
4380  0
4381  0
4382  0
4383  0
4384  0
4385  0
4386  0
4387  0
4388  0
4389  0
4390  0
4391  0
4392  0
4393  0
4394  0
4395  0
4396  0
4397  0
4398  0
4399  0
4400  0
4401  0
4402  0
4403  0
4404  0
4405  0
4406  0
4407  0
4408  0
4409  0
4410  0
4411  inf
4412  inf
4413  inf
4414  inf
4415  inf
4416  inf
4417  inf
4418  inf
4419  inf
4420  inf
4421  inf
4422  inf
4423  inf
4424  inf
4425  inf
4426  inf
4427  inf
4428  inf
4429  inf
4430  inf
4431  inf
4432  inf
4433  inf
4434  inf
4435  inf
4436  inf
4437  inf
4438  inf
4439  inf
4440  inf
4441  inf
4442  inf
4443  inf
4444  inf
4445  inf
4446  inf
4447  inf
4448  inf
4449  inf
4450  inf
4451  inf
4452  inf
4453  inf
4454  inf
4455  inf
4456  inf
4457  inf
4458  inf
4459  inf
4460  inf
4461  inf
4462  inf
4463  inf
4464  inf
4465  inf
4466  inf
4467  inf
4468  inf
4469  inf
4470  inf
4471  inf
4472  inf
4473  inf
4474  inf
4475  inf
4476  inf
4477  inf
4478  inf
4479  inf
4480  inf
4481  inf
4482  inf
4483  inf
4484  inf
4485  0
4486  0
4487  0
4488  0
4489  0
4490  0
4491  0
4492  0
4493  0
4494  0
4495  0
4496  0
4497  0
4498  0
4499  0
4500  0
4501  0
4502  0
4503  0
4504  0
4505  0
4506  0
4507  0
4508  0
4509  0
4510  0
4511  0
4512  0
4513  0
4514  0
4515  0
4516  0
4517  0
4518  0
4519  0
4520  0
4521  0
4522  0
4523  0
4524  0
4525  0
4526  0
4527  0
4528  0
4529  0
4530  inf
4531  inf
4532  inf
4533  inf
4534  inf
4535  inf
4536  inf
4537  inf
4538  inf
4539  inf
4540  inf
4541  inf
4542  inf
4543  inf
4544  inf
4545  inf
4546  inf
4547  inf
4548  inf
4549  inf
4550  inf
4551  inf
4552  inf
4553  inf
4554  inf
4555  inf
4556  inf
4557  inf
4558  inf
4559  inf
4560  inf
4561  inf
4562  inf
4563  inf
4564  inf
4565  inf
4566  inf
4567  inf
4568  inf
4569  inf
4570  inf
4571  inf
4572  inf
4573  inf
4574  inf
4575  inf
4576  inf
4577  inf
4578  inf
4579  inf
4580  inf
4581  inf
4582  inf
4583  inf
4584  inf
4585  inf
4586  inf
4587  inf
4588  inf
4589  inf
4590  0
4591  0
4592  0
4593  0
4594  0
4595  0
4596  0
4597  0
4598  0
4599  0
4600  0
4601  0
4602  0
4603  0
4604  0
4605  0
4606  0
4607  0
4608  0
4609  0
4610  0
4611  0
4612  0
4613  0
4614  0
4615  inf
4616  inf
4617  inf
4618  inf
4619  inf
4620  inf
4621  inf
4622  inf
4623  inf
4624  inf
4625  inf
4626  inf
4627  inf
4628  inf
4629  inf
4630  inf
4631  inf
4632  inf
4633  inf
4634  inf
4635  inf
4636  inf
4637  inf
4638  inf
4639  inf
4640  inf
4641  inf
4642  inf
4643  inf
4644  inf
4645  inf
4646  inf
4647  inf
4648  inf
4649  inf
4650  inf
4651  inf
4652  inf
4653  inf
4654  inf
4655  inf
4656  inf
4657  inf
4658  inf
4659  inf
4660  inf
4661  inf
4662  inf
4663  inf
4664  inf
4665  inf
4666  inf
4667  inf
4668  inf
4669  inf
4670  inf
4671  inf
4672  inf
4673  inf
4674  inf
4675  inf
4676  inf
4677  inf
4678  inf
4679  inf
4680  inf
4681  inf
4682  inf
4683  inf
4684  inf
4685  inf
4686  inf
4687  inf
4688  inf
4689  inf
4690  inf
4691  inf
4692  inf
4693  inf
4694  inf
4695  inf
4696  inf
4697  inf
4698  inf
4699  inf
4700  inf
4701  inf
4702  inf
4703  inf
4704  inf
4705  inf
4706  inf
4707  inf
4708  inf
4709  inf
4710  inf
4711  inf
4712  0
4713  0
4714  0
4715  0
4716  0
4717  0
4718  0
4719  0
4720  0
4721  0
4722  0
4723  0
4724  0
4725  0
4726  0
4727  0
4728  0
4729  0
4730  0
4731  0
4732  0
4733  0
4734  0
4735  0
4736  0
4737  0
4738  0
4739  0
4740  0
4741  0
4742  0
4743  0
4744  0
4745  0
4746  0
4747  0
4748  0
4749  0
4750  0
4751  0
4752  0
4753  0
4754  0
4755  0
4756  0
4757  0
4758  0
4759  0
4760  0
4761  inf
4762  inf
4763  inf
4764  inf
4765  inf
4766  inf
4767  inf
4768  inf
4769  inf
4770  inf
4771  inf
4772  inf
4773  inf
4774  inf
4775  inf
4776  inf
4777  inf
4778  inf
4779  inf
4780  inf
4781  inf
4782  inf
4783  inf
4784  inf
4785  inf
4786  inf
4787  inf
4788  inf
4789  inf
4790  inf
4791  inf
4792  inf
4793  inf
4794  inf
4795  inf
4796  inf
4797  inf
4798  inf
4799  inf
4800  inf
4801  inf
4802  inf
4803  inf
4804  inf
4805  inf
4806  inf
4807  inf
4808  inf
4809  inf
4810  inf
4811  inf
4812  inf
4813  inf
4814  inf
4815  inf
4816  inf
4817  inf
4818  inf
4819  inf
4820  inf
4821  inf
4822  inf
4823  inf
4824  inf
4825  inf
4826  inf
4827  inf
4828  inf
4829  inf
4830  inf
4831  inf
4832  inf
4833  inf
4834  inf
4835  inf
4836  inf
4837  inf
4838  inf
4839  inf
4840  inf
4841  inf
4842  inf
4843  inf
4844  inf
4845  inf
4846  inf
4847  inf
4848  inf
4849  inf
4850  inf
4851  inf
4852  inf
4853  inf
4854  inf
4855  inf
4856  inf
4857  inf
4858  inf
4859  inf
4860  inf
4861  inf
4862  inf
4863  inf
4864  inf
4865  inf
4866  inf
4867  inf
4868  inf
4869  inf
4870  inf
4871  inf
4872  inf
4873  inf
4874  inf
4875  inf
4876  inf
4877  0
4878  0
4879  0
4880  0
4881  0
4882  0
4883  0
4884  0
4885  0
4886  0
4887  0
4888  0
4889  0
4890  0
4891  0
4892  0
4893  0
4894  0
4895  0
4896  0
4897  0
4898  0
4899  0
4900  0
4901  0
4902  0
4903  0
4904  inf
4905  inf
4906  inf
4907  inf
4908  inf
4909  inf
4910  inf
4911  inf
4912  inf
4913  inf
4914  inf
4915  inf
4916  inf
4917  inf
4918  inf
4919  inf
4920  inf
4921  inf
4922  inf
4923  inf
4924  inf
4925  inf
4926  inf
4927  inf
4928  inf
4929  inf
4930  inf
4931  inf
4932  inf
4933  inf
4934  inf
4935  inf
4936  inf
4937  inf
4938  inf
4939  inf
4940  inf
4941  inf
4942  inf
4943  inf
4944  inf
4945  inf
4946  0
4947  0
4948  0
4949  0
4950  0
4951  0
4952  0
4953  0
4954  0
4955  0
4956  0
4957  0
4958  0
4959  0
4960  0
4961  0
4962  0
4963  0
4964  0
4965  0
4966  0
4967  0
4968  0
4969  0
4970  0
4971  0
4972  0
4973  0
4974  0
4975  0
4976  0
4977  0
4978  0
4979  0
4980  0
4981  0
4982  0
4983  0
4984  0
4985  0
4986  0
4987  0
4988  0
4989  0
4990  0
4991  0
4992  0
4993  0
4994  0
4995  0
4996  0
4997  0
4998  0
4999  0
5000  0
5001  0
5002  0
5003  0
5004  0
5005  0
5006  0
5007  0
5008  0
5009  inf
5010  inf
5011  inf
5012  inf
5013  inf
5014  inf
5015  inf
5016  inf
5017  inf
5018  inf
5019  inf
5020  inf
5021  inf
5022  inf
5023  inf
5024  inf
5025  inf
5026  inf
5027  inf
5028  inf
5029  inf
5030  inf
5031  inf
5032  inf
5033  inf
5034  inf
5035  inf
5036  inf
5037  inf
5038  inf
5039  inf
5040  inf
5041  inf
5042  inf
5043  inf
5044  inf
5045  inf
5046  inf
5047  inf
5048  inf
5049  inf
5050  inf
5051  inf
5052  inf
5053  inf
5054  inf
5055  inf
5056  inf
5057  inf
5058  0
5059  0
5060  0
5061  0
5062  0
5063  0
5064  0
5065  0
5066  0
5067  0
5068  0
5069  0
5070  0
5071  0
5072  0
5073  0
5074  0
5075  0
5076  0
5077  0
5078  0
5079  0
5080  0
5081  0
5082  0
5083  0
5084  0
5085  inf
5086  inf
5087  inf
5088  inf
5089  inf
5090  inf
5091  inf
5092  inf
5093  inf
5094  inf
5095  inf
5096  inf
5097  inf
5098  inf
5099  inf
5100  inf
5101  inf
5102  inf
5103  inf
5104  inf
5105  inf
5106  inf
5107  inf
5108  inf
5109  inf
5110  inf
5111  inf
5112  inf
5113  inf
5114  inf
5115  inf
5116  inf
5117  inf
5118  inf
5119  inf
5120  inf
5121  inf
5122  inf
5123  inf
5124  inf
5125  inf
5126  inf
5127  inf
5128  inf
5129  0
5130  0
5131  0
5132  0
5133  0
5134  0
5135  0
5136  0
5137  0
5138  0
5139  0
5140  0
5141  0
5142  0
5143  0
5144  0
5145  0
5146  0
5147  0
5148  0
5149  0
5150  0
5151  0
5152  0
5153  0
5154  0
5155  0
5156  0
5157  0
5158  0
5159  0
5160  0
5161  0
5162  0
5163  0
5164  0
5165  0
5166  0
5167  0
5168  0
5169  0
5170  0
5171  0
5172  0
5173  0
5174  0
5175  0
5176  0
5177  0
5178  0
5179  0
5180  0
5181  0
5182  0
5183  0
5184  0
5185  0
5186  0
5187  0
5188  0
5189  0
5190  0
5191  0
5192  0
5193  0
5194  0
5195  0
5196  0
5197  0
5198  inf
5199  inf
5200  inf
5201  inf
5202  inf
5203  inf
5204  inf
5205  inf
5206  inf
5207  inf
5208  inf
5209  inf
5210  inf
5211  inf
5212  inf
5213  inf
5214  inf
5215  inf
5216  inf
5217  inf
5218  inf
5219  inf
5220  inf
5221  inf
5222  inf
5223  inf
5224  inf
5225  inf
5226  inf
5227  inf
5228  inf
5229  inf
5230  inf
5231  inf
5232  inf
5233  inf
5234  inf
5235  inf
5236  inf
5237  inf
5238  inf
5239  inf
5240  inf
5241  inf
5242  inf
5243  inf
5244  inf
5245  inf
5246  inf
5247  inf
5248  inf
5249  inf
5250  inf
5251  inf
5252  inf
5253  inf
5254  inf
5255  inf
5256  inf
5257  inf
5258  inf
5259  inf
5260  inf
5261  inf
5262  inf
5263  inf
5264  inf
5265  inf
5266  inf
5267  inf
5268  inf
5269  inf
5270  inf
5271  inf
5272  0
5273  0
5274  0
5275  0
5276  0
5277  0
5278  0
5279  0
5280  0
5281  0
5282  0
5283  0
5284  0
5285  0
5286  0
5287  0
5288  0
5289  0
5290  0
5291  0
5292  0
5293  0
5294  0
5295  0
5296  0
5297  0
5298  0
5299  0
5300  0
5301  0
5302  0
5303  0
5304  0
5305  0
5306  inf
5307  inf
5308  inf
5309  inf
5310  inf
5311  inf
5312  inf
5313  inf
5314  inf
5315  inf
5316  inf
5317  inf
5318  inf
5319  inf
5320  inf
5321  inf
5322  inf
5323  inf
5324  inf
5325  inf
5326  inf
5327  inf
5328  inf
5329  inf
5330  inf
5331  inf
5332  inf
5333  inf
5334  inf
5335  inf
5336  inf
5337  inf
5338  0
5339  0
5340  0
5341  0
5342  0
5343  0
5344  0
5345  0
5346  0
5347  0
5348  0
5349  0
5350  0
5351  0
5352  0
5353  0
5354  0
5355  0
5356  0
5357  0
5358  0
5359  0
5360  0
5361  0
5362  0
5363  0
5364  0
5365  0
5366  0
5367  0
5368  0
5369  0
5370  0
5371  0
5372  0
5373  0
5374  0
5375  0
5376  0
5377  0
5378  0
5379  0
5380  0
5381  0
5382  0
5383  0
5384  0
5385  0
5386  0
5387  0
5388  0
5389  0
5390  0
5391  0
5392  0
5393  0
5394  0
5395  0
5396  0
5397  0
5398  0
5399  0
5400  0
5401  0
5402  0
5403  0
5404  0
5405  0
5406  0
5407  0
5408  0
5409  0
5410  0
5411  0
5412  0
5413  0
5414  0
5415  0
5416  0
5417  0
5418  0
5419  0
5420  0
5421  0
5422  0
5423  0
5424  0
5425  0
5426  0
5427  0
5428  0
5429  0
5430  0
5431  0
5432  0
5433  0
5434  0
5435  0
5436  inf
5437  inf
5438  inf
5439  inf
5440  inf
5441  inf
5442  inf
5443  inf
5444  inf
5445  inf
5446  inf
5447  inf
5448  inf
5449  inf
5450  inf
5451  inf
5452  inf
5453  inf
5454  inf
5455  inf
5456  inf
5457  inf
5458  inf
5459  inf
5460  inf
5461  inf
5462  inf
5463  inf
5464  inf
5465  inf
5466  inf
5467  inf
5468  inf
5469  inf
5470  inf
5471  inf
5472  inf
5473  inf
5474  inf
5475  inf
5476  inf
5477  inf
5478  inf
5479  inf
5480  inf
5481  inf
5482  inf
5483  inf
5484  inf
5485  inf
5486  inf
5487  inf
5488  inf
5489  inf
5490  inf
5491  inf
5492  inf
5493  inf
5494  inf
5495  inf
5496  inf
5497  inf
5498  inf
5499  inf
5500  inf
5501  inf
5502  inf
5503  inf
5504  inf
5505  inf
5506  inf
5507  inf
5508  inf
5509  inf
5510  inf
5511  inf
5512  inf
5513  inf
5514  0
5515  0
5516  0
5517  0
5518  0
5519  0
5520  0
5521  0
5522  0
5523  0
5524  0
5525  0
5526  0
5527  0
5528  0
5529  0
5530  0
5531  0
5532  0
5533  0
5534  0
5535  0
5536  inf
5537  inf
5538  inf
5539  inf
5540  inf
5541  inf
5542  inf
5543  inf
5544  inf
5545  inf
5546  inf
5547  inf
5548  inf
5549  inf
5550  inf
5551  inf
5552  inf
5553  inf
5554  inf
5555  inf
5556  inf
5557  inf
5558  inf
5559  inf
5560  inf
5561  inf
5562  inf
5563  inf
5564  inf
5565  inf
5566  inf
5567  inf
5568  inf
5569  inf
5570  inf
5571  inf
5572  inf
5573  inf
5574  inf
5575  inf
5576  inf
5577  inf
5578  inf
5579  inf
5580  inf
5581  inf
5582  inf
5583  inf
5584  inf
5585  inf
5586  inf
5587  inf
5588  inf
5589  0
5590  0
5591  0
5592  0
5593  0
5594  0
5595  0
5596  0
5597  0
5598  0
5599  0
5600  0
5601  0
5602  0
5603  0
5604  0
5605  0
5606  0
5607  0
5608  0
5609  0
5610  0
5611  0
5612  0
5613  0
5614  0
5615  0
5616  0
5617  0
5618  0
5619  0
5620  0
5621  0
5622  0
5623  0
5624  0
5625  0
5626  0
5627  0
5628  0
5629  0
5630  0
5631  0
5632  0
5633  0
5634  0
5635  0
5636  0
5637  inf
5638  inf
5639  inf
5640  inf
5641  inf
5642  inf
5643  inf
5644  inf
5645  inf
5646  inf
5647  inf
5648  inf
5649  inf
5650  inf
5651  inf
5652  inf
5653  inf
5654  inf
5655  inf
5656  inf
5657  inf
5658  inf
5659  inf
5660  inf
5661  inf
5662  inf
5663  inf
5664  inf
5665  inf
5666  inf
5667  inf
5668  inf
5669  inf
5670  inf
5671  inf
5672  inf
5673  inf
5674  inf
5675  inf
5676  inf
5677  inf
5678  inf
5679  inf
5680  inf
5681  inf
5682  inf
5683  inf
5684  inf
5685  inf
5686  inf
5687  inf
5688  inf
5689  inf
5690  inf
5691  inf
5692  inf
5693  inf
5694  inf
5695  inf
5696  inf
5697  inf
5698  inf
5699  0
5700  0
5701  0
5702  0
5703  0
5704  0
5705  0
5706  0
5707  0
5708  0
5709  0
5710  0
5711  0
5712  0
5713  0
5714  0
5715  0
5716  0
5717  0
5718  0
5719  0
5720  0
5721  inf
5722  inf
5723  inf
5724  inf
5725  inf
5726  inf
5727  inf
5728  inf
5729  inf
5730  inf
5731  inf
5732  inf
5733  inf
5734  inf
5735  inf
5736  inf
5737  inf
5738  inf
5739  inf
5740  inf
5741  inf
5742  inf
5743  inf
5744  inf
5745  inf
5746  inf
5747  inf
5748  inf
5749  inf
5750  inf
5751  inf
5752  inf
5753  inf
5754  inf
5755  inf
5756  inf
5757  inf
5758  inf
5759  inf
5760  inf
5761  inf
5762  inf
5763  0
5764  0
5765  0
5766  0
5767  0
5768  0
5769  0
5770  0
5771  0
5772  0
5773  0
5774  0
5775  0
5776  0
5777  0
5778  0
5779  0
5780  0
5781  0
5782  0
5783  0
5784  0
5785  0
5786  0
5787  0
5788  0
5789  0
5790  0
5791  0
5792  0
5793  0
5794  0
5795  0
5796  0
5797  0
5798  0
5799  0
5800  0
5801  0
5802  0
5803  0
5804  0
5805  0
5806  0
5807  0
5808  inf
5809  inf
5810  inf
5811  inf
5812  inf
5813  inf
5814  inf
5815  inf
5816  inf
5817  inf
5818  inf
5819  inf
5820  inf
5821  inf
5822  inf
5823  inf
5824  inf
5825  inf
5826  inf
5827  inf
5828  inf
5829  inf
5830  inf
5831  inf
5832  inf
5833  inf
5834  inf
5835  inf
5836  inf
5837  inf
5838  inf
5839  inf
5840  inf
5841  inf
5842  inf
5843  inf
5844  inf
5845  inf
5846  inf
5847  inf
5848  inf
5849  inf
5850  inf
5851  inf
5852  inf
5853  inf
5854  inf
5855  inf
5856  inf
5857  inf
5858  inf
5859  inf
5860  inf
5861  inf
5862  inf
5863  inf
5864  inf
5865  inf
5866  inf
5867  inf
5868  inf
5869  inf
5870  inf
5871  inf
5872  inf
5873  inf
5874  inf
5875  inf
5876  inf
5877  inf
5878  inf
5879  inf
5880  inf
5881  inf
5882  inf
5883  inf
5884  inf
5885  inf
5886  inf
5887  inf
5888  inf
5889  inf
5890  inf
5891  inf
5892  inf
5893  inf
5894  inf
5895  inf
5896  inf
5897  0
5898  0
5899  0
5900  0
5901  0
5902  0
5903  0
5904  0
5905  0
5906  0
5907  0
5908  0
5909  0
5910  0
5911  0
5912  0
5913  0
5914  0
5915  0
5916  0
5917  inf
5918  inf
5919  inf
5920  inf
5921  inf
5922  inf
5923  inf
5924  inf
5925  inf
5926  inf
5927  inf
5928  inf
5929  inf
5930  inf
5931  inf
5932  inf
5933  inf
5934  inf
5935  inf
5936  inf
5937  inf
5938  inf
5939  inf
5940  inf
5941  inf
5942  inf
5943  inf
5944  inf
5945  inf
5946  inf
5947  inf
5948  inf
5949  inf
5950  inf
5951  inf
5952  inf
5953  inf
5954  inf
5955  inf
5956  inf
5957  inf
5958  inf
5959  inf
5960  inf
5961  inf
5962  inf
5963  inf
5964  inf
5965  inf
5966  inf
5967  inf
5968  inf
5969  inf
5970  inf
5971  inf
5972  inf
5973  inf
5974  inf
5975  inf
5976  inf
5977  inf
5978  inf
5979  inf
5980  0
5981  0
5982  0
5983  0
5984  0
5985  0
5986  0
5987  0
5988  0
5989  0
5990  0
5991  0
5992  0
5993  0
5994  0
5995  0
5996  0
5997  0
5998  0
5999  0
6000  0
6001  0
6002  0
6003  0
6004  0
6005  0
6006  0
6007  0
6008  0
6009  0
6010  0
6011  0
6012  0
6013  0
6014  0
6015  0
6016  0
6017  0
6018  0
6019  0
6020  0
6021  0
6022  0
6023  0
6024  0
6025  0
6026  0
6027  0
6028  0
6029  0
6030  0
6031  0
6032  0
6033  0
6034  0
6035  0
6036  0
6037  0
6038  0
6039  0
6040  0
6041  0
6042  0
6043  0
6044  0
6045  0
6046  0
6047  0
6048  0
6049  0
6050  0
6051  0
6052  0
6053  0
6054  0
6055  0
6056  0
6057  0
6058  0
6059  0
6060  0
6061  0
6062  0
6063  0
6064  0
6065  0
6066  0
6067  0
6068  0
6069  inf
6070  inf
6071  inf
6072  inf
6073  inf
6074  inf
6075  inf
6076  inf
6077  inf
6078  inf
6079  inf
6080  inf
6081  inf
6082  inf
6083  inf
6084  inf
6085  inf
6086  inf
6087  inf
6088  inf
6089  inf
6090  inf
6091  inf
6092  inf
6093  inf
6094  inf
6095  inf
6096  inf
6097  inf
6098  inf
6099  inf
6100  inf
6101  inf
6102  inf
6103  inf
6104  inf
6105  inf
6106  inf
6107  inf
6108  inf
6109  inf
6110  inf
6111  inf
6112  inf
6113  inf
6114  inf
6115  inf
6116  inf
6117  inf
6118  inf
6119  inf
6120  inf
6121  inf
6122  inf
6123  inf
6124  inf
6125  inf
6126  inf
6127  inf
6128  inf
6129  inf
6130  inf
6131  inf
6132  inf
6133  inf
6134  inf
6135  inf
6136  inf
6137  inf
6138  inf
6139  inf
6140  inf
6141  inf
6142  inf
6143  inf
6144  inf
6145  inf
6146  inf
6147  inf
6148  inf
6149  inf
6150  inf
6151  inf
6152  inf
6153  inf
6154  inf
6155  inf
6156  inf
6157  inf
6158  0
6159  0
6160  0
6161  0
6162  0
6163  0
6164  0
6165  0
6166  0
6167  0
6168  0
6169  0
6170  0
6171  0
6172  0
6173  0
6174  0
6175  0
6176  0
6177  0
6178  0
6179  0
6180  0
6181  0
6182  inf
6183  inf
6184  inf
6185  inf
6186  inf
6187  inf
6188  inf
6189  inf
6190  inf
6191  inf
6192  inf
6193  inf
6194  inf
6195  inf
6196  inf
6197  inf
6198  inf
6199  inf
6200  inf
6201  inf
6202  inf
6203  inf
6204  inf
6205  inf
6206  inf
6207  inf
6208  inf
6209  inf
6210  inf
6211  inf
6212  inf
6213  inf
6214  inf
6215  inf
6216  inf
6217  inf
6218  inf
6219  inf
6220  inf
6221  inf
6222  inf
6223  inf
6224  inf
6225  inf
6226  inf
6227  inf
6228  inf
6229  inf
6230  inf
6231  inf
6232  inf
6233  inf
6234  inf
6235  inf
6236  inf
6237  inf
6238  inf
6239  inf
6240  inf
6241  inf
6242  inf
6243  inf
6244  inf
6245  inf
6246  inf
6247  inf
6248  inf
6249  inf
6250  inf
6251  inf
6252  inf
6253  inf
6254  inf
6255  inf
6256  inf
6257  inf
6258  inf
6259  inf
6260  inf
6261  inf
6262  inf
6263  inf
6264  inf
6265  inf
6266  inf
6267  inf
6268  inf
6269  inf
6270  inf
6271  inf
6272  inf
6273  inf
6274  inf
6275  inf
6276  inf
6277  inf
6278  inf
6279  0
6280  0
6281  0
6282  0
6283  0
6284  0
6285  0
6286  0
6287  0
6288  0
6289  0
6290  0
6291  0
6292  0
6293  0
6294  0
6295  0
6296  0
6297  0
6298  0
6299  0
6300  0
6301  0
6302  0
6303  0
6304  0
6305  0
6306  0
6307  0
6308  0
6309  0
6310  0
6311  0
6312  0
6313  0
6314  0
6315  0
6316  0
6317  0
6318  0
6319  0
6320  0
6321  0
6322  0
6323  0
6324  0
6325  0
6326  0
6327  0
6328  0
6329  0
6330  0
6331  0
6332  0
6333  0
6334  0
6335  0
6336  0
6337  0
6338  0
6339  0
6340  0
6341  0
6342  0
6343  0
6344  0
6345  0
6346  0
6347  0
6348  0
6349  0
6350  inf
6351  inf
6352  inf
6353  inf
6354  inf
6355  inf
6356  inf
6357  inf
6358  inf
6359  inf
6360  inf
6361  inf
6362  inf
6363  inf
6364  inf
6365  inf
6366  inf
6367  inf
6368  inf
6369  inf
6370  inf
6371  inf
6372  inf
6373  inf
6374  inf
6375  inf
6376  inf
6377  inf
6378  inf
6379  inf
6380  inf
6381  inf
6382  inf
6383  inf
6384  inf
6385  inf
6386  inf
6387  inf
6388  inf
6389  inf
6390  inf
6391  inf
6392  inf
6393  inf
6394  inf
6395  inf
6396  inf
6397  inf
6398  inf
6399  inf
6400  inf
6401  inf
6402  inf
6403  inf
6404  inf
6405  inf
6406  inf
6407  inf
6408  inf
6409  inf
6410  inf
6411  inf
6412  inf
6413  inf
6414  inf
6415  inf
6416  inf
6417  inf
6418  inf
6419  inf
6420  inf
6421  inf
6422  inf
6423  0
6424  0
6425  0
6426  0
6427  0
6428  0
6429  0
6430  0
6431  0
6432  0
6433  0
6434  0
6435  0
6436  0
6437  0
6438  0
6439  0
6440  0
6441  0
6442  0
6443  0
6444  0
6445  0
6446  0
6447  0
6448  0
6449  0
6450  0
6451  0
6452  inf
6453  inf
6454  inf
6455  inf
6456  inf
6457  inf
6458  inf
6459  inf
6460  inf
6461  inf
6462  inf
6463  inf
6464  inf
6465  inf
6466  inf
6467  inf
6468  inf
6469  inf
6470  inf
6471  inf
6472  inf
6473  inf
6474  inf
6475  inf
6476  inf
6477  inf
6478  inf
6479  inf
6480  inf
6481  inf
6482  inf
6483  inf
6484  inf
6485  inf
6486  inf
6487  inf
6488  inf
6489  inf
6490  inf
6491  inf
6492  inf
6493  inf
6494  inf
6495  inf
6496  inf
6497  inf
6498  inf
6499  inf
6500  inf
6501  inf
6502  inf
6503  inf
6504  inf
6505  inf
6506  inf
6507  inf
6508  inf
6509  inf
6510  inf
6511  inf
6512  inf
6513  inf
6514  inf
6515  inf
6516  inf
6517  inf
6518  inf
6519  inf
6520  inf
6521  inf
6522  inf
6523  inf
6524  inf
6525  inf
6526  inf
6527  inf
6528  inf
6529  inf
6530  inf
6531  inf
6532  inf
6533  inf
6534  inf
6535  inf
6536  inf
6537  0
6538  0
6539  0
6540  0
6541  0
6542  0
6543  0
6544  0
6545  0
6546  0
6547  0
6548  0
6549  0
6550  0
6551  0
6552  0
6553  0
6554  0
6555  0
6556  0
6557  0
6558  0
6559  0
6560  0
6561  0
6562  0
6563  0
6564  0
6565  0
6566  0
6567  0
6568  0
6569  0
6570  0
6571  0
6572  0
6573  0
6574  0
6575  0
6576  0
6577  0
6578  0
6579  0
6580  0
6581  0
6582  0
6583  0
6584  0
6585  0
6586  0
6587  0
6588  0
6589  0
6590  0
6591  0
6592  0
6593  0
6594  0
6595  0
6596  0
6597  0
6598  0
6599  0
6600  0
6601  0
6602  0
6603  0
6604  0
6605  0
6606  0
6607  0
6608  0
6609  0
6610  0
6611  0
6612  0
6613  0
6614  0
6615  0
6616  0
6617  0
6618  0
6619  0
6620  0
6621  0
6622  0
6623  0
6624  0
6625  0
6626  0
6627  inf
6628  inf
6629  inf
6630  inf
6631  inf
6632  inf
6633  inf
6634  inf
6635  inf
6636  inf
6637  inf
6638  inf
6639  inf
6640  inf
6641  inf
6642  inf
6643  inf
6644  inf
6645  inf
6646  inf
6647  inf
6648  inf
6649  inf
6650  inf
6651  inf
6652  inf
6653  inf
6654  inf
6655  inf
6656  inf
6657  inf
6658  inf
6659  inf
6660  inf
6661  inf
6662  inf
6663  inf
6664  inf
6665  inf
6666  inf
6667  inf
6668  inf
6669  inf
6670  inf
6671  inf
6672  inf
6673  inf
6674  inf
6675  inf
6676  inf
6677  inf
6678  inf
6679  inf
6680  inf
6681  0
6682  0
6683  0
6684  0
6685  0
6686  0
6687  0
6688  0
6689  0
6690  0
6691  0
6692  0
6693  0
6694  0
6695  0
6696  0
6697  0
6698  0
6699  0
6700  0
6701  0
6702  0
6703  0
6704  0
6705  0
6706  0
6707  0
6708  0
6709  0
6710  0
6711  0
6712  0
6713  0
6714  0
6715  inf
6716  inf
6717  inf
6718  inf
6719  inf
6720  inf
6721  inf
6722  inf
6723  inf
6724  inf
6725  inf
6726  inf
6727  inf
6728  inf
6729  inf
6730  inf
6731  inf
6732  inf
6733  inf
6734  inf
6735  inf
6736  inf
6737  inf
6738  inf
6739  inf
6740  inf
6741  inf
6742  inf
6743  inf
6744  inf
6745  inf
6746  inf
6747  inf
6748  inf
6749  inf
6750  inf
6751  inf
6752  inf
6753  inf
6754  inf
6755  inf
6756  inf
6757  inf
6758  inf
6759  inf
6760  inf
6761  inf
6762  inf
6763  inf
6764  inf
6765  inf
6766  inf
6767  inf
6768  inf
6769  inf
6770  inf
6771  inf
6772  inf
6773  inf
6774  inf
6775  inf
6776  inf
6777  inf
6778  inf
6779  inf
6780  inf
6781  inf
6782  inf
6783  inf
6784  inf
6785  inf
6786  inf
6787  inf
6788  inf
6789  inf
6790  inf
6791  inf
6792  inf
6793  inf
6794  inf
6795  inf
6796  inf
6797  inf
6798  inf
6799  inf
6800  inf
6801  inf
6802  0
6803  0
6804  0
6805  0
6806  0
6807  0
6808  0
6809  0
6810  0
6811  0
6812  0
6813  0
6814  0
6815  0
6816  0
6817  0
6818  0
6819  0
6820  0
6821  0
6822  0
6823  0
6824  0
6825  0
6826  0
6827  0
6828  0
6829  0
6830  0
6831  0
6832  0
6833  0
6834  0
6835  0
6836  0
6837  0
6838  0
6839  0
6840  0
6841  0
6842  0
6843  0
6844  0
6845  0
6846  0
6847  0
6848  0
6849  0
6850  0
6851  0
6852  0
6853  0
6854  0
6855  0
6856  0
6857  0
6858  0
6859  0
6860  0
6861  0
6862  0
6863  0
6864  0
6865  0
6866  0
6867  0
6868  0
6869  0
6870  0
6871  0
6872  0
6873  0
6874  0
6875  0
6876  0
6877  0
6878  0
6879  0
6880  0
6881  0
6882  0
6883  0
6884  0
6885  0
6886  0
6887  0
6888  0
6889  0
6890  0
6891  0
6892  0
6893  0
6894  0
6895  0
6896  0
6897  inf
6898  inf
6899  inf
6900  inf
6901  inf
6902  inf
6903  inf
6904  inf
6905  inf
6906  inf
6907  inf
6908  inf
6909  inf
6910  inf
6911  inf
6912  inf
6913  inf
6914  inf
6915  inf
6916  inf
6917  inf
6918  inf
6919  inf
6920  inf
6921  inf
6922  inf
6923  inf
6924  inf
6925  inf
6926  inf
6927  inf
6928  inf
6929  inf
6930  inf
6931  inf
6932  inf
6933  inf
6934  inf
6935  inf
6936  inf
6937  inf
6938  inf
6939  inf
6940  inf
6941  inf
6942  inf
6943  inf
6944  inf
6945  inf
6946  inf
6947  inf
6948  inf
6949  inf
6950  inf
6951  inf
6952  inf
6953  inf
6954  inf
6955  inf
6956  inf
6957  inf
6958  inf
6959  inf
6960  inf
6961  inf
6962  inf
6963  inf
6964  inf
6965  inf
6966  inf
6967  inf
6968  inf
6969  inf
6970  inf
6971  inf
6972  inf
6973  inf
6974  inf
6975  inf
6976  inf
6977  inf
6978  inf
6979  inf
6980  inf
6981  inf
6982  inf
6983  inf
6984  inf
6985  inf
6986  inf
6987  inf
6988  inf
6989  inf
6990  inf
6991  0
6992  0
6993  0
6994  0
6995  0
6996  0
6997  0
6998  0
6999  0
7000  0
7001  0
7002  0
7003  0
7004  0
7005  0
7006  0
7007  0
7008  0
7009  0
7010  0
7011  0
7012  0
7013  0
7014  0
7015  0
7016  0
7017  0
7018  0
7019  0
7020  0
7021  0
7022  0
7023  0
7024  0
7025  0
7026  0
7027  0
7028  0
7029  inf
7030  inf
7031  inf
7032  inf
7033  inf
7034  inf
7035  inf
7036  inf
7037  inf
7038  inf
7039  inf
7040  inf
7041  inf
7042  inf
7043  inf
7044  inf
7045  inf
7046  inf
7047  inf
7048  inf
7049  inf
7050  inf
7051  inf
7052  inf
7053  inf
7054  inf
7055  inf
7056  inf
7057  inf
7058  inf
7059  inf
7060  inf
7061  inf
7062  inf
7063  inf
7064  inf
7065  inf
7066  inf
7067  inf
7068  inf
7069  inf
7070  inf
7071  inf
7072  inf
7073  inf
7074  inf
7075  0
7076  0
7077  0
7078  0
7079  0
7080  0
7081  0
7082  0
7083  0
7084  0
7085  0
7086  0
7087  0
7088  0
7089  0
7090  0
7091  0
7092  0
7093  0
7094  0
7095  0
7096  0
7097  0
7098  0
7099  0
7100  0
7101  0
7102  0
7103  0
7104  0
7105  0
7106  0
7107  0
7108  0
7109  0
7110  0
7111  0
7112  0
7113  0
7114  0
7115  0
7116  0
7117  0
7118  0
7119  0
7120  0
7121  0
7122  0
7123  0
7124  0
7125  0
7126  0
7127  0
7128  0
7129  0
7130  0
7131  0
7132  0
7133  0
7134  0
7135  0
7136  0
7137  0
7138  0
7139  0
7140  0
7141  0
7142  0
7143  0
7144  0
7145  0
7146  0
7147  0
7148  0
7149  0
7150  0
7151  0
7152  0
7153  0
7154  inf
7155  inf
7156  inf
7157  inf
7158  inf
7159  inf
7160  inf
7161  inf
7162  inf
7163  inf
7164  inf
7165  inf
7166  inf
7167  inf
7168  inf
7169  inf
7170  inf
7171  inf
7172  inf
7173  inf
7174  inf
7175  inf
7176  inf
7177  inf
7178  inf
7179  inf
7180  inf
7181  inf
7182  inf
7183  inf
7184  inf
7185  inf
7186  inf
7187  inf
7188  inf
7189  0
7190  0
7191  0
7192  0
7193  0
7194  0
7195  0
7196  0
7197  0
7198  0
7199  0
7200  0
7201  0
7202  0
7203  0
7204  0
7205  0
7206  0
7207  0
7208  0
7209  0
7210  0
7211  0
7212  0
7213  0
7214  0
7215  0
7216  0
7217  inf
7218  inf
7219  inf
7220  inf
7221  inf
7222  inf
7223  inf
7224  inf
7225  inf
7226  inf
7227  inf
7228  inf
7229  inf
7230  inf
7231  inf
7232  inf
7233  inf
7234  inf
7235  inf
7236  inf
7237  inf
7238  inf
7239  inf
7240  inf
7241  inf
7242  inf
7243  inf
7244  inf
7245  inf
7246  inf
7247  inf
7248  inf
7249  inf
7250  inf
7251  inf
7252  inf
7253  inf
7254  inf
7255  inf
7256  inf
7257  inf
7258  inf
7259  inf
7260  inf
7261  inf
7262  inf
7263  inf
7264  inf
7265  inf
7266  inf
7267  inf
7268  inf
7269  inf
7270  inf
7271  inf
7272  inf
7273  inf
7274  inf
7275  inf
7276  inf
7277  inf
7278  inf
7279  inf
7280  inf
7281  inf
7282  inf
7283  inf
7284  inf
7285  inf
7286  0
7287  0
7288  0
7289  0
7290  0
7291  0
7292  0
7293  0
7294  0
7295  0
7296  0
7297  0
7298  0
7299  0
7300  0
7301  0
7302  0
7303  0
7304  0
7305  0
7306  0
7307  0
7308  0
7309  0
7310  0
7311  0
7312  0
7313  0
7314  0
7315  0
7316  0
7317  0
7318  0
7319  0
7320  0
7321  0
7322  0
7323  0
7324  0
7325  0
7326  0
7327  0
7328  0
7329  0
7330  0
7331  0
7332  0
7333  0
7334  0
7335  0
7336  0
7337  0
7338  0
7339  0
7340  0
7341  inf
7342  inf
7343  inf
7344  inf
7345  inf
7346  inf
7347  inf
7348  inf
7349  inf
7350  inf
7351  inf
7352  inf
7353  inf
7354  inf
7355  inf
7356  inf
7357  inf
7358  inf
7359  inf
7360  inf
7361  inf
7362  inf
7363  inf
7364  inf
7365  inf
7366  inf
7367  inf
7368  inf
7369  inf
7370  inf
7371  inf
7372  inf
7373  0
7374  0
7375  0
7376  0
7377  0
7378  0
7379  0
7380  0
7381  0
7382  0
7383  0
7384  0
7385  0
7386  0
7387  0
7388  0
7389  0
7390  0
7391  0
7392  0
7393  0
7394  0
7395  0
7396  0
7397  0
7398  0
7399  0
7400  inf
7401  inf
7402  inf
7403  inf
7404  inf
7405  inf
7406  inf
7407  inf
7408  inf
7409  inf
7410  inf
7411  inf
7412  inf
7413  inf
7414  inf
7415  inf
7416  inf
7417  inf
7418  inf
7419  inf
7420  inf
7421  inf
7422  inf
7423  inf
7424  inf
7425  inf
7426  inf
7427  inf
7428  inf
7429  inf
7430  inf
7431  inf
7432  inf
7433  inf
7434  inf
7435  0
7436  0
7437  0
7438  0
7439  0
7440  0
7441  0
7442  0
7443  0
7444  0
7445  0
7446  0
7447  0
7448  0
7449  0
7450  0
7451  0
7452  0
7453  0
7454  0
7455  0
7456  0
7457  0
7458  0
7459  0
7460  0
7461  0
7462  0
7463  0
7464  0
7465  0
7466  0
7467  0
7468  0
7469  0
7470  0
7471  0
7472  0
7473  0
7474  0
7475  0
7476  0
7477  0
7478  0
7479  0
7480  0
7481  0
7482  0
7483  0
7484  0
7485  0
7486  0
7487  0
7488  0
7489  0
7490  0
7491  0
7492  0
7493  0
7494  0
7495  0
7496  0
7497  0
7498  0
7499  0
7500  0
7501  0
7502  0
7503  0
7504  0
7505  0
7506  0
7507  0
7508  0
7509  0
7510  0
7511  0
7512  0
7513  0
7514  0
7515  0
7516  0
7517  0
7518  0
7519  0
7520  0
7521  0
7522  0
7523  0
7524  inf
7525  inf
7526  inf
7527  inf
7528  inf
7529  inf
7530  inf
7531  inf
7532  inf
7533  inf
7534  inf
7535  inf
7536  inf
7537  inf
7538  inf
7539  inf
7540  inf
7541  inf
7542  inf
7543  inf
7544  inf
7545  inf
7546  inf
7547  inf
7548  inf
7549  inf
7550  inf
7551  inf
7552  inf
7553  inf
7554  inf
7555  inf
7556  inf
7557  inf
7558  inf
7559  inf
7560  inf
7561  inf
7562  inf
7563  inf
7564  inf
7565  inf
7566  inf
7567  inf
7568  inf
7569  inf
7570  inf
7571  inf
7572  inf
7573  0
7574  0
7575  0
7576  0
7577  0
7578  0
7579  0
7580  0
7581  0
7582  0
7583  0
7584  0
7585  0
7586  0
7587  0
7588  0
7589  0
7590  0
7591  0
7592  0
7593  0
7594  0
7595  0
7596  0
7597  0
7598  0
7599  0
7600  0
7601  0
7602  0
7603  0
7604  0
7605  0
7606  0
7607  0
7608  0
7609  0
7610  0
7611  0
7612  inf
7613  inf
7614  inf
7615  inf
7616  inf
7617  inf
7618  inf
7619  inf
7620  inf
7621  inf
7622  inf
7623  inf
7624  inf
7625  inf
7626  inf
7627  inf
7628  inf
7629  inf
7630  inf
7631  inf
7632  inf
7633  inf
7634  inf
7635  inf
7636  inf
7637  inf
7638  inf
7639  inf
7640  inf
7641  inf
7642  inf
7643  inf
7644  inf
7645  inf
7646  inf
7647  inf
7648  inf
7649  inf
7650  inf
7651  inf
7652  inf
7653  inf
7654  inf
7655  inf
7656  inf
7657  inf
7658  inf
7659  inf
7660  inf
7661  inf
7662  inf
7663  inf
7664  inf
7665  inf
7666  inf
7667  inf
7668  inf
7669  inf
7670  inf
7671  inf
7672  inf
7673  inf
7674  inf
7675  inf
7676  inf
7677  inf
7678  inf
7679  inf
7680  inf
7681  inf
7682  inf
7683  inf
7684  inf
7685  inf
7686  inf
7687  inf
7688  inf
7689  inf
7690  inf
7691  inf
7692  inf
7693  inf
7694  inf
7695  inf
7696  inf
7697  inf
7698  inf
7699  inf
7700  inf
7701  inf
7702  inf
7703  inf
7704  inf
7705  inf
7706  inf
7707  inf
7708  inf
7709  inf
7710  inf
7711  inf
7712  inf
7713  inf
7714  inf
7715  inf
7716  0
7717  0
7718  0
7719  0
7720  0
7721  0
7722  0
7723  0
7724  0
7725  0
7726  0
7727  0
7728  0
7729  0
7730  0
7731  0
7732  0
7733  0
7734  0
7735  0
7736  0
7737  0
7738  0
7739  0
7740  0
7741  0
7742  0
7743  0
7744  0
7745  0
7746  0
7747  0
7748  0
7749  0
7750  0
7751  0
7752  0
7753  0
7754  0
7755  0
7756  0
7757  0
7758  0
7759  0
7760  0
7761  0
7762  0
7763  0
7764  0
7765  0
7766  0
7767  0
7768  0
7769  0
7770  inf
7771  inf
7772  inf
7773  inf
7774  inf
7775  inf
7776  inf
7777  inf
7778  inf
7779  inf
7780  inf
7781  inf
7782  inf
7783  inf
7784  inf
7785  inf
7786  inf
7787  inf
7788  inf
7789  inf
7790  inf
7791  inf
7792  inf
7793  inf
7794  inf
7795  inf
7796  inf
7797  inf
7798  inf
7799  inf
7800  inf
7801  inf
7802  inf
7803  inf
7804  inf
7805  inf
7806  inf
7807  inf
7808  inf
7809  inf
7810  inf
7811  inf
7812  inf
7813  inf
7814  inf
7815  inf
7816  inf
7817  inf
7818  inf
7819  inf
7820  inf
7821  inf
7822  inf
7823  inf
7824  inf
7825  inf
7826  inf
7827  inf
7828  inf
7829  inf
7830  inf
7831  inf
7832  inf
7833  inf
7834  inf
7835  0
7836  0
7837  0
7838  0
7839  0
7840  0
7841  0
7842  0
7843  0
7844  0
7845  0
7846  0
7847  0
7848  0
7849  0
7850  0
7851  0
7852  0
7853  0
7854  0
7855  0
7856  0
7857  0
7858  0
7859  0
7860  0
7861  0
7862  0
7863  0
7864  0
7865  0
7866  0
7867  0
7868  0
7869  0
7870  0
7871  inf
7872  inf
7873  inf
7874  inf
7875  inf
7876  inf
7877  inf
7878  inf
7879  inf
7880  inf
7881  inf
7882  inf
7883  inf
7884  inf
7885  inf
7886  inf
7887  inf
7888  inf
7889  inf
7890  inf
7891  inf
7892  inf
7893  inf
7894  inf
7895  inf
7896  inf
7897  inf
7898  inf
7899  inf
7900  inf
7901  inf
7902  inf
7903  inf
7904  inf
7905  inf
7906  inf
7907  inf
7908  inf
7909  inf
7910  inf
7911  inf
7912  inf
7913  inf
7914  inf
7915  inf
7916  inf
7917  inf
7918  inf
7919  inf
7920  inf
7921  inf
7922  inf
7923  inf
7924  inf
7925  inf
7926  inf
7927  inf
7928  inf
7929  inf
7930  inf
7931  inf
7932  inf
7933  inf
7934  inf
7935  inf
7936  inf
7937  inf
7938  0
7939  0
7940  0
7941  0
7942  0
7943  0
7944  0
7945  0
7946  0
7947  0
7948  0
7949  0
7950  0
7951  0
7952  0
7953  0
7954  0
7955  0
7956  0
7957  0
7958  0
7959  0
7960  0
7961  0
7962  0
7963  0
7964  0
7965  0
7966  0
7967  0
7968  0
7969  0
7970  0
7971  0
7972  0
7973  0
7974  0
7975  0
7976  0
7977  0
7978  0
7979  0
7980  0
7981  0
7982  inf
7983  inf
7984  inf
7985  inf
7986  inf
7987  inf
7988  inf
7989  inf
7990  inf
7991  inf
7992  inf
7993  inf
7994  inf
7995  inf
7996  inf
7997  inf
7998  inf
7999  inf
8000  inf
8001  inf
8002  inf
8003  inf
8004  inf
8005  inf
8006  inf
8007  inf
8008  inf
8009  inf
8010  inf
8011  inf
8012  inf
8013  inf
8014  inf
8015  inf
8016  inf
8017  inf
8018  inf
8019  inf
8020  inf
8021  inf
8022  inf
8023  inf
8024  inf
8025  inf
8026  inf
8027  inf
8028  inf
8029  inf
8030  inf
8031  inf
8032  inf
8033  inf
8034  inf
8035  inf
8036  inf
8037  inf
8038  inf
8039  inf
8040  inf
8041  inf
8042  inf
8043  inf
8044  inf
8045  inf
8046  inf
8047  inf
8048  inf
8049  inf
8050  inf
8051  inf
8052  inf
8053  inf
8054  inf
8055  inf
8056  inf
8057  inf
8058  inf
8059  inf
8060  inf
8061  inf
8062  inf
8063  inf
8064  inf
8065  inf
8066  inf
8067  inf
8068  inf
8069  inf
8070  inf
8071  inf
8072  inf
8073  inf
8074  inf
8075  inf
8076  inf
8077  inf
8078  inf
8079  inf
8080  inf
8081  inf
8082  inf
8083  inf
8084  inf
8085  inf
8086  inf
8087  0
8088  0
8089  0
8090  0
8091  0
8092  0
8093  0
8094  0
8095  0
8096  0
8097  0
8098  0
8099  0
8100  0
8101  0
8102  0
8103  0
8104  0
8105  0
8106  0
8107  0
8108  0
8109  0
8110  0
8111  0
8112  0
8113  inf
8114  inf
8115  inf
8116  inf
8117  inf
8118  inf
8119  inf
8120  inf
8121  inf
8122  inf
8123  inf
8124  inf
8125  inf
8126  inf
8127  inf
8128  inf
8129  inf
8130  inf
8131  inf
8132  inf
8133  inf
8134  inf
8135  inf
8136  inf
8137  inf
8138  inf
8139  inf
8140  inf
8141  inf
8142  inf
8143  inf
8144  inf
8145  inf
8146  inf
8147  inf
8148  inf
8149  inf
8150  inf
8151  inf
8152  inf
8153  inf
8154  inf
8155  inf
8156  inf
8157  inf
8158  inf
8159  inf
8160  inf
8161  inf
8162  inf
8163  inf
8164  inf
8165  inf
8166  inf
8167  inf
8168  inf
8169  inf
8170  inf
8171  inf
8172  inf
8173  inf
8174  inf
8175  inf
8176  inf
8177  inf
8178  inf
8179  inf
8180  inf
8181  inf
8182  inf
8183  0
8184  0
8185  0
8186  0
8187  0
8188  0
8189  0
8190  0
8191  0
8192  0
8193  0
8194  0
8195  0
8196  0
8197  0
8198  0
8199  0
8200  0
8201  0
8202  0
8203  0
8204  0
8205  0
8206  0
8207  0
8208  0
8209  0
8210  0
8211  0
8212  0
8213  0
8214  0
8215  0
8216  0
8217  0
8218  0
8219  0
8220  0
8221  0
8222  0
8223  0
8224  0
8225  0
8226  0
8227  0
8228  0
8229  0
8230  0
8231  0
8232  0
8233  0
8234  0
8235  0
8236  0
8237  0
8238  0
8239  0
8240  0
8241  0
8242  0
8243  0
8244  0
8245  0
8246  0
8247  inf
8248  inf
8249  inf
8250  inf
8251  inf
8252  inf
8253  inf
8254  inf
8255  inf
8256  inf
8257  inf
8258  inf
8259  inf
8260  inf
8261  inf
8262  inf
8263  inf
8264  inf
8265  inf
8266  inf
8267  inf
8268  inf
8269  inf
8270  inf
8271  inf
8272  inf
8273  inf
8274  inf
8275  inf
8276  inf
8277  inf
8278  inf
8279  inf
8280  inf
8281  inf
8282  inf
8283  inf
8284  inf
8285  inf
8286  inf
8287  inf
8288  inf
8289  inf
8290  inf
8291  inf
8292  inf
8293  inf
8294  inf
8295  inf
8296  inf
8297  inf
8298  inf
8299  inf
8300  inf
8301  inf
8302  inf
8303  inf
8304  inf
8305  inf
8306  inf
8307  inf
8308  inf
8309  inf
8310  inf
8311  inf
8312  inf
8313  inf
8314  inf
8315  inf
8316  inf
8317  inf
8318  inf
8319  0
8320  0
8321  0
8322  0
8323  0
8324  0
8325  0
8326  0
8327  0
8328  0
8329  0
8330  0
8331  0
8332  0
8333  0
8334  0
8335  0
8336  0
8337  0
8338  0
8339  0
8340  0
8341  0
8342  0
8343  0
8344  inf
8345  inf
8346  inf
8347  inf
8348  inf
8349  inf
8350  inf
8351  inf
8352  inf
8353  inf
8354  inf
8355  inf
8356  inf
8357  inf
8358  inf
8359  inf
8360  inf
8361  inf
8362  inf
8363  inf
8364  inf
8365  inf
8366  inf
8367  inf
8368  inf
8369  inf
8370  inf
8371  inf
8372  inf
8373  inf
8374  inf
8375  inf
8376  0
8377  0
8378  0
8379  0
8380  0
8381  0
8382  0
8383  0
8384  0
8385  0
8386  0
8387  0
8388  0
8389  0
8390  0
8391  0
8392  0
8393  0
8394  0
8395  0
8396  0
8397  0
8398  0
8399  0
8400  0
8401  0
8402  0
8403  0
8404  0
8405  0
8406  0
8407  0
8408  0
8409  0
8410  0
8411  0
8412  0
8413  0
8414  0
8415  0
8416  0
8417  0
8418  0
8419  0
8420  0
8421  0
8422  0
8423  0
8424  0
8425  0
8426  0
8427  0
8428  0
8429  0
8430  0
8431  0
8432  0
8433  0
8434  0
8435  0
8436  0
8437  0
8438  inf
8439  inf
8440  inf
8441  inf
8442  inf
8443  inf
8444  inf
8445  inf
8446  inf
8447  inf
8448  inf
8449  inf
8450  inf
8451  inf
8452  inf
8453  inf
8454  inf
8455  inf
8456  inf
8457  inf
8458  inf
8459  inf
8460  inf
8461  inf
8462  inf
8463  inf
8464  inf
8465  inf
8466  inf
8467  inf
8468  inf
8469  inf
8470  inf
8471  inf
8472  inf
8473  inf
8474  inf
8475  inf
8476  inf
8477  inf
8478  inf
8479  inf
8480  inf
8481  inf
8482  inf
8483  inf
8484  inf
8485  inf
8486  inf
8487  inf
8488  inf
8489  inf
8490  inf
8491  inf
8492  inf
8493  inf
8494  inf
8495  inf
8496  inf
8497  inf
8498  inf
8499  inf
8500  inf
8501  inf
8502  inf
8503  inf
8504  inf
8505  inf
8506  inf
8507  inf
8508  inf
8509  inf
8510  inf
8511  inf
8512  0
8513  0
8514  0
8515  0
8516  0
8517  0
8518  0
8519  0
8520  0
8521  0
8522  0
8523  0
8524  0
8525  0
8526  0
8527  0
8528  0
8529  0
8530  0
8531  inf
8532  inf
8533  inf
8534  inf
8535  inf
8536  inf
8537  inf
8538  inf
8539  inf
8540  inf
8541  inf
8542  inf
8543  inf
8544  inf
8545  inf
8546  inf
8547  inf
8548  inf
8549  inf
8550  inf
8551  inf
8552  inf
8553  inf
8554  inf
8555  inf
8556  inf
8557  inf
8558  inf
8559  inf
8560  inf
8561  inf
8562  inf
8563  inf
8564  inf
8565  inf
8566  inf
8567  inf
8568  inf
8569  inf
8570  inf
8571  inf
8572  inf
8573  inf
8574  inf
8575  inf
8576  inf
8577  inf
8578  inf
8579  inf
8580  inf
8581  inf
8582  inf
8583  inf
8584  inf
8585  inf
8586  inf
8587  inf
8588  inf
8589  inf
8590  inf
8591  inf
8592  inf
8593  inf
8594  inf
8595  0
8596  0
8597  0
8598  0
8599  0
8600  0
8601  0
8602  0
8603  0
8604  0
8605  0
8606  0
8607  0
8608  0
8609  0
8610  0
8611  0
8612  0
8613  0
8614  0
8615  0
8616  0
8617  0
8618  0
8619  0
8620  0
8621  0
8622  0
8623  0
8624  0
8625  0
8626  0
8627  0
8628  0
8629  0
8630  0
8631  0
8632  0
8633  0
8634  0
8635  0
8636  0
8637  0
8638  0
8639  0
8640  0
8641  0
8642  0
8643  0
8644  0
8645  0
8646  0
8647  0
8648  0
8649  0
8650  0
8651  0
8652  0
8653  inf
8654  inf
8655  inf
8656  inf
8657  inf
8658  inf
8659  inf
8660  inf
8661  inf
8662  inf
8663  inf
8664  inf
8665  inf
8666  inf
8667  inf
8668  inf
8669  inf
8670  inf
8671  inf
8672  inf
8673  inf
8674  inf
8675  inf
8676  inf
8677  inf
8678  inf
8679  inf
8680  inf
8681  inf
8682  inf
8683  inf
8684  inf
8685  inf
8686  inf
8687  inf
8688  inf
8689  inf
8690  inf
8691  inf
8692  inf
8693  inf
8694  inf
8695  inf
8696  inf
8697  inf
8698  inf
8699  inf
8700  inf
8701  inf
8702  inf
8703  inf
8704  inf
8705  inf
8706  inf
8707  inf
8708  inf
8709  inf
8710  inf
8711  inf
8712  inf
8713  inf
8714  inf
8715  inf
8716  inf
8717  inf
8718  inf
8719  inf
8720  inf
8721  0
8722  0
8723  0
8724  0
8725  0
8726  0
8727  0
8728  0
8729  0
8730  0
8731  0
8732  0
8733  0
8734  0
8735  0
8736  inf
8737  inf
8738  inf
8739  inf
8740  inf
8741  inf
8742  inf
8743  inf
8744  inf
8745  inf
8746  inf
8747  inf
8748  inf
8749  inf
8750  inf
8751  inf
8752  inf
8753  inf
8754  inf
8755  inf
8756  inf
8757  inf
8758  inf
8759  inf
8760  inf
8761  inf
8762  inf
8763  inf
8764  inf
8765  inf
8766  inf
8767  inf
8768  inf
8769  inf
8770  inf
8771  inf
8772  0
8773  0
8774  0
8775  0
8776  0
8777  0
8778  0
8779  0
8780  0
8781  0
8782  0
8783  0
8784  0
8785  0
8786  0
8787  0
8788  0
8789  0
8790  0
8791  0
8792  0
8793  0
8794  0
8795  0
8796  0
8797  0
8798  0
8799  0
8800  0
8801  0
8802  0
8803  0
8804  0
8805  0
8806  0
8807  0
8808  0
8809  0
8810  0
8811  0
8812  0
8813  0
8814  0
8815  0
8816  0
8817  0
8818  0
8819  0
8820  0
8821  0
8822  0
8823  0
8824  0
8825  0
8826  0
8827  0
8828  0
8829  0
8830  0
8831  0
8832  0
8833  0
8834  0
8835  0
8836  0
8837  0
8838  0
8839  0
8840  0
8841  0
8842  0
8843  0
8844  0
8845  0
8846  0
8847  0
8848  0
8849  0
8850  0
8851  0
8852  0
8853  0
8854  0
8855  0
8856  0
8857  0
8858  0
8859  0
8860  0
8861  0
8862  0
8863  0
8864  0
8865  0
8866  0
8867  0
8868  0
8869  0
8870  0
8871  0
8872  0
8873  0
8874  0
8875  0
8876  0
8877  inf
8878  inf
8879  inf
8880  inf
8881  inf
8882  inf
8883  inf
8884  inf
8885  inf
8886  inf
8887  inf
8888  inf
8889  inf
8890  inf
8891  inf
8892  inf
8893  inf
8894  inf
8895  inf
8896  inf
8897  inf
8898  inf
8899  inf
8900  inf
8901  inf
8902  inf
8903  inf
8904  inf
8905  inf
8906  inf
8907  inf
8908  inf
8909  inf
8910  inf
8911  inf
8912  inf
8913  inf
8914  inf
8915  inf
8916  inf
8917  inf
8918  inf
8919  inf
8920  inf
8921  inf
8922  inf
8923  inf
8924  inf
8925  inf
8926  inf
8927  inf
8928  inf
8929  inf
8930  inf
8931  inf
8932  inf
8933  inf
8934  inf
8935  inf
8936  inf
8937  inf
8938  inf
8939  inf
8940  inf
8941  inf
8942  inf
8943  inf
8944  inf
8945  inf
8946  0
8947  0
8948  0
8949  0
8950  0
8951  0
8952  0
8953  0
8954  0
8955  0
8956  0
8957  0
8958  0
8959  0
8960  0
8961  0
8962  0
8963  0
8964  inf
8965  inf
8966  inf
8967  inf
8968  inf
8969  inf
8970  inf
8971  inf
8972  inf
8973  inf
8974  inf
8975  inf
8976  inf
8977  inf
8978  inf
8979  inf
8980  inf
8981  inf
8982  inf
8983  inf
8984  inf
8985  inf
8986  inf
8987  inf
8988  inf
8989  inf
8990  inf
8991  0
8992  0
8993  0
8994  0
8995  0
8996  0
8997  0
8998  0
8999  0
9000  0
9001  0
9002  0
9003  0
9004  0
9005  0
9006  0
9007  0
9008  0
9009  0
9010  0
9011  0
9012  0
9013  0
9014  0
9015  0
9016  0
9017  0
9018  0
9019  0
9020  0
9021  0
9022  0
9023  0
9024  0
9025  0
9026  0
9027  0
9028  0
9029  0
9030  0
9031  0
9032  0
9033  0
9034  0
9035  0
9036  0
9037  0
9038  0
9039  0
9040  0
9041  0
9042  0
9043  0
9044  0
9045  0
9046  0
9047  0
9048  0
9049  0
9050  0
9051  0
9052  0
9053  0
9054  0
9055  0
9056  0
9057  0
9058  0
9059  0
9060  0
9061  0
9062  0
9063  0
9064  0
9065  0
9066  0
9067  0
9068  0
9069  0
9070  0
9071  0
9072  0
9073  inf
9074  inf
9075  inf
9076  inf
9077  inf
9078  inf
9079  inf
9080  inf
9081  inf
9082  inf
9083  inf
9084  inf
9085  inf
9086  inf
9087  inf
9088  inf
9089  inf
9090  inf
9091  inf
9092  inf
9093  inf
9094  inf
9095  inf
9096  inf
9097  inf
9098  inf
9099  inf
9100  inf
9101  inf
9102  inf
9103  inf
9104  inf
9105  inf
9106  inf
9107  inf
9108  inf
9109  inf
9110  inf
9111  inf
9112  inf
9113  inf
9114  inf
9115  0
9116  0
9117  0
9118  0
9119  0
9120  0
9121  0
9122  0
9123  0
9124  0
9125  0
9126  0
9127  0
9128  0
9129  0
9130  0
9131  0
9132  0
9133  0
9134  0
9135  0
9136  0
9137  0
9138  0
9139  0
9140  0
9141  0
9142  0
9143  0
9144  0
9145  inf
9146  inf
9147  inf
9148  inf
9149  inf
9150  inf
9151  inf
9152  inf
9153  inf
9154  inf
9155  inf
9156  inf
9157  inf
9158  inf
9159  inf
9160  inf
9161  inf
9162  inf
9163  inf
9164  inf
9165  inf
9166  inf
9167  inf
9168  inf
9169  inf
9170  inf
9171  inf
9172  inf
9173  inf
9174  inf
9175  inf
9176  inf
9177  inf
9178  inf
9179  inf
9180  inf
9181  inf
9182  inf
9183  inf
9184  inf
9185  inf
9186  inf
9187  inf
9188  inf
9189  inf
9190  inf
9191  inf
9192  inf
9193  inf
9194  inf
9195  inf
9196  inf
9197  inf
9198  0
9199  0
9200  0
9201  0
9202  0
9203  0
9204  0
9205  0
9206  0
9207  0
9208  0
9209  0
9210  0
9211  0
9212  0
9213  0
9214  0
9215  0
9216  0
9217  0
9218  0
9219  0
9220  0
9221  0
9222  0
9223  0
9224  0
9225  0
9226  0
9227  0
9228  0
9229  0
9230  0
9231  0
9232  0
9233  0
9234  0
9235  0
9236  0
9237  0
9238  0
9239  0
9240  0
9241  0
9242  0
9243  0
9244  0
9245  0
9246  0
9247  0
9248  0
9249  0
9250  0
9251  0
9252  0
9253  0
9254  inf
9255  inf
9256  inf
9257  inf
9258  inf
9259  inf
9260  inf
9261  inf
9262  inf
9263  inf
9264  inf
9265  inf
9266  inf
9267  inf
9268  inf
9269  inf
9270  inf
9271  inf
9272  inf
9273  inf
9274  inf
9275  inf
9276  inf
9277  inf
9278  inf
9279  inf
9280  inf
9281  0
9282  0
9283  0
9284  0
9285  0
9286  0
9287  0
9288  0
9289  0
9290  0
9291  0
9292  0
9293  0
9294  0
9295  0
9296  0
9297  0
9298  0
9299  0
9300  0
9301  0
9302  0
9303  0
9304  0
9305  0
9306  0
9307  0
9308  0
9309  0
9310  inf
9311  inf
9312  inf
9313  inf
9314  inf
9315  inf
9316  inf
9317  inf
9318  inf
9319  inf
9320  inf
9321  inf
9322  inf
9323  inf
9324  inf
9325  inf
9326  inf
9327  inf
9328  inf
9329  inf
9330  inf
9331  inf
9332  inf
9333  inf
9334  inf
9335  inf
9336  inf
9337  inf
9338  inf
9339  inf
9340  inf
9341  inf
9342  inf
9343  inf
9344  inf
9345  inf
9346  inf
9347  inf
9348  inf
9349  inf
9350  inf
9351  inf
9352  inf
9353  inf
9354  0
9355  0
9356  0
9357  0
9358  0
9359  0
9360  0
9361  0
9362  0
9363  0
9364  0
9365  0
9366  0
9367  0
9368  0
9369  0
9370  0
9371  0
9372  0
9373  0
9374  0
9375  0
9376  0
9377  0
9378  0
9379  0
9380  0
9381  0
9382  0
9383  0
9384  0
9385  0
9386  0
9387  0
9388  0
9389  0
9390  0
9391  0
9392  0
9393  0
9394  0
9395  0
9396  0
9397  0
9398  0
9399  0
9400  0
9401  0
9402  0
9403  inf
9404  inf
9405  inf
9406  inf
9407  inf
9408  inf
9409  inf
9410  inf
9411  inf
9412  inf
9413  inf
9414  inf
9415  inf
9416  inf
9417  inf
9418  inf
9419  inf
9420  inf
9421  inf
9422  inf
9423  inf
9424  inf
9425  inf
9426  inf
9427  inf
9428  inf
9429  inf
9430  inf
9431  inf
9432  inf
9433  inf
9434  inf
9435  inf
9436  0
9437  0
9438  0
9439  0
9440  0
9441  0
9442  0
9443  0
9444  0
9445  0
9446  0
9447  0
9448  0
9449  0
9450  0
9451  0
9452  0
9453  0
9454  inf
9455  inf
9456  inf
9457  inf
9458  inf
9459  inf
9460  inf
9461  inf
9462  inf
9463  inf
9464  inf
9465  inf
9466  inf
9467  inf
9468  inf
9469  inf
9470  inf
9471  inf
9472  inf
9473  inf
9474  inf
9475  inf
9476  inf
9477  inf
9478  inf
9479  inf
9480  inf
9481  inf
9482  inf
9483  inf
9484  inf
9485  inf
9486  inf
9487  inf
9488  inf
9489  inf
9490  inf
9491  inf
9492  inf
9493  inf
9494  inf
9495  inf
9496  inf
9497  inf
9498  inf
9499  inf
9500  inf
9501  inf
9502  inf
9503  inf
9504  inf
9505  inf
9506  inf
9507  0
9508  0
9509  0
9510  0
9511  0
9512  0
9513  0
9514  0
9515  0
9516  0
9517  0
9518  0
9519  0
9520  0
9521  0
9522  0
9523  0
9524  0
9525  0
9526  0
9527  0
9528  0
9529  0
9530  0
9531  0
9532  0
9533  0
9534  0
9535  0
9536  0
9537  0
9538  0
9539  0
9540  0
9541  0
9542  0
9543  0
9544  0
9545  0
9546  0
9547  0
9548  0
9549  0
9550  0
9551  0
9552  0
9553  0
9554  0
9555  0
9556  0
9557  0
9558  0
9559  0
9560  0
9561  0
9562  0
9563  0
9564  inf
9565  inf
9566  inf
9567  inf
9568  inf
9569  inf
9570  inf
9571  inf
9572  inf
9573  inf
9574  inf
9575  inf
9576  inf
9577  inf
9578  inf
9579  inf
9580  inf
9581  inf
9582  inf
9583  inf
9584  inf
9585  inf
9586  inf
9587  inf
9588  inf
9589  inf
9590  inf
9591  inf
9592  inf
9593  inf
9594  inf
9595  inf
9596  inf
9597  inf
9598  inf
9599  inf
9600  inf
9601  inf
9602  inf
9603  inf
9604  inf
9605  inf
9606  inf
9607  inf
9608  inf
9609  inf
9610  inf
9611  inf
9612  inf
9613  inf
9614  inf
9615  inf
9616  inf
9617  inf
9618  inf
9619  inf
9620  inf
9621  inf
9622  inf
9623  inf
9624  inf
9625  inf
9626  0
9627  0
9628  0
9629  0
9630  0
9631  0
9632  0
9633  0
9634  0
9635  0
9636  0
9637  0
9638  0
9639  0
9640  0
9641  0
9642  0
9643  0
9644  0
9645  0
9646  0
9647  0
9648  inf
9649  inf
9650  inf
9651  inf
9652  inf
9653  inf
9654  inf
9655  inf
9656  inf
9657  inf
9658  inf
9659  inf
9660  inf
9661  inf
9662  inf
9663  inf
9664  inf
9665  inf
9666  inf
9667  inf
9668  inf
9669  inf
9670  inf
9671  inf
9672  inf
9673  inf
9674  inf
9675  inf
9676  inf
9677  inf
9678  inf
9679  inf
9680  inf
9681  inf
9682  inf
9683  inf
9684  inf
9685  inf
9686  inf
9687  inf
9688  inf
9689  inf
9690  inf
9691  inf
9692  inf
9693  inf
9694  inf
9695  inf
9696  inf
9697  inf
9698  inf
9699  inf
9700  inf
9701  inf
9702  inf
9703  inf
9704  inf
9705  0
9706  0
9707  0
9708  0
9709  0
9710  0
9711  0
9712  0
9713  0
9714  0
9715  0
9716  0
9717  0
9718  0
9719  0
9720  0
9721  0
9722  0
9723  0
9724  0
9725  0
9726  0
9727  0
9728  0
9729  0
9730  0
9731  0
9732  0
9733  0
9734  0
9735  0
9736  0
9737  0
9738  0
9739  0
9740  0
9741  0
9742  0
9743  0
9744  0
9745  0
9746  0
9747  0
9748  0
9749  0
9750  0
9751  0
9752  0
9753  0
9754  0
9755  0
9756  0
9757  0
9758  inf
9759  inf
9760  inf
9761  inf
9762  inf
9763  inf
9764  inf
9765  inf
9766  inf
9767  inf
9768  inf
9769  inf
9770  inf
9771  inf
9772  inf
9773  inf
9774  inf
9775  inf
9776  inf
9777  inf
9778  inf
9779  inf
9780  inf
9781  inf
9782  inf
9783  inf
9784  inf
9785  inf
9786  inf
9787  inf
9788  inf
9789  inf
9790  inf
9791  inf
9792  inf
9793  inf
9794  inf
9795  inf
9796  inf
9797  inf
9798  inf
9799  inf
9800  inf
9801  inf
9802  inf
9803  0
9804  0
9805  0
9806  0
9807  0
9808  0
9809  0
9810  0
9811  0
9812  0
9813  0
9814  0
9815  0
9816  0
9817  0
9818  0
9819  0
9820  0
9821  0
9822  0
9823  0
9824  0
9825  0
9826  0
9827  0
9828  0
9829  0
9830  0
9831  0
9832  0
9833  0
9834  0
9835  0
9836  0
9837  0
9838  0
9839  0
9840  0
9841  0
9842  inf
9843  inf
9844  inf
9845  inf
9846  inf
9847  inf
9848  inf
9849  inf
9850  inf
9851  inf
9852  inf
9853  inf
9854  inf
9855  inf
9856  inf
9857  inf
9858  inf
9859  inf
9860  inf
9861  inf
9862  inf
9863  inf
9864  inf
9865  inf
9866  inf
9867  inf
9868  inf
9869  inf
9870  inf
9871  inf
9872  inf
9873  inf
9874  inf
9875  inf
9876  inf
9877  inf
9878  inf
9879  inf
9880  inf
9881  inf
9882  inf
9883  inf
9884  inf
9885  inf
9886  inf
9887  inf
9888  inf
9889  inf
9890  inf
9891  inf
9892  inf
9893  inf
9894  0
9895  0
9896  0
9897  0
9898  0
9899  0
9900  0
9901  0
9902  0
9903  0
9904  0
9905  0
9906  0
9907  0
9908  0
9909  0
9910  0
9911  0
9912  0
9913  0
9914  0
9915  0
9916  0
9917  0
9918  0
9919  0
9920  0
9921  0
9922  0
9923  0
9924  0
9925  0
9926  0
9927  0
9928  0
9929  0
9930  0
9931  0
9932  0
9933  0
9934  0
9935  0
9936  0
9937  0
9938  0
9939  0
9940  0
9941  0
9942  0
9943  0
9944  0
9945  0
9946  0
9947  0
9948  0
9949  0
9950  0
9951  0
9952  0
9953  0
9954  0
9955  0
9956  0
9957  0
9958  0
9959  0
9960  0
9961  0
9962  0
9963  0
9964  0
9965  0
9966  0
9967  0
9968  0
9969  0
9970  0
9971  0
9972  0
9973  0
9974  0
9975  0
9976  0
9977  0
9978  0
9979  0
9980  0
9981  inf
9982  inf
9983  inf
9984  inf
9985  inf
9986  inf
9987  inf
9988  inf
9989  inf
9990  inf
9991  inf
9992  inf
9993  inf
9994  inf
9995  inf
9996  inf
9997  inf
9998  inf
9999  inf
